WTarm2 739004687 2021-11-17 11:59:04.968212 -0.021 0.912 -0.093 0.854 -0.732 -0.244 95.784 1.241 -43.385 
WTarm2up 739004715 2021-11-17 11:59:04.999084 -0.299 -1.144 -0.019 2.014 2.258 -0.488 -90.835 14.612 12.036 
WTleg2 739004727 2021-11-17 11:59:05.001082 0.142 0.927 -0.202 -0.732 -1.648 0.671 102.437 -8.311 -106.364 
WTarm1up 739004733 2021-11-17 11:59:05.003077 -0.264 1.014 -0.094 0.61 -2.686 1.526 95.389 13.7 99.739 
WTleg1 739004765 2021-11-17 11:59:05.004074 -0.019 1.002 -0.101 0.488 -1.038 0.305 95.839 0.577 69.483 
WTarm2 739004788 2021-11-17 11:59:05.057996 -0.023 0.914 -0.089 1.526 -2.075 0.0 95.889 1.274 -43.5 
WTarm1up 739004808 2021-11-17 11:59:05.089316 -0.254 1.016 -0.092 0.488 -0.061 0.854 95.394 13.629 99.608 
WTleg2 739004848 2021-11-17 11:59:05.092565 0.139 0.927 -0.206 -0.122 -0.671 0.854 102.409 -8.372 -106.633 
WTarm2up 739004852 2021-11-17 11:59:05.095529 -0.286 -1.139 -0.018 1.465 1.953 -0.122 -90.709 14.562 11.843 
WTleg1 739004875 2021-11-17 11:59:05.096526 -0.017 1.004 -0.1 -0.122 -1.831 0.427 95.861 0.588 69.318 
WTarm2 739004895 2021-11-17 11:59:05.160339 -0.021 0.913 -0.092 -0.732 -1.282 -0.122 95.894 1.313 -43.709 
WTleg2 739004937 2021-11-17 11:59:05.193500 0.146 0.926 -0.203 -0.061 -2.014 0.549 102.404 -8.41 -106.902 
WTarm1up 739004960 2021-11-17 11:59:05.198447 -0.258 1.017 -0.095 1.221 -0.977 0.122 95.46 13.623 99.602 
WTarm2up 739004968 2021-11-17 11:59:05.202435 -0.293 -1.144 -0.018 1.16 3.723 0.427 -90.67 14.557 11.58 
WTleg1 739004978 2021-11-17 11:59:05.206424 -0.011 1.003 -0.099 0.0 -0.977 0.366 95.856 0.577 69.175 
WTarm1up 739005006 2021-11-17 11:59:05.276977 -0.255 1.02 -0.094 0.977 -0.671 0.244 95.543 13.645 99.547 
WTarm2 739005028 2021-11-17 11:59:05.310847 -0.021 0.912 -0.09 -1.16 -1.709 -0.183 95.817 1.34 -43.786 
WTleg1 739005066 2021-11-17 11:59:05.314836 -0.01 1.002 -0.098 -0.061 -0.671 0.305 95.856 0.56 69.066 
WTarm2up 739005108 2021-11-17 11:59:05.360884 -0.298 -1.142 -0.021 1.282 4.028 0.549 -90.67 14.59 11.184 
WTarm2 739005113 2021-11-17 11:59:05.394346 -0.02 0.913 -0.085 -2.747 -0.122 -0.366 95.674 1.373 -43.786 
WTarm1up 739005125 2021-11-17 11:59:05.398374 -0.252 1.02 -0.097 0.427 0.305 0.305 95.587 13.64 99.558 
WTleg2 739005132 2021-11-17 11:59:05.402364 0.14 0.927 -0.202 -0.122 -1.038 0.793 102.431 -8.47 -107.128 
WTarm2up 739005135 2021-11-17 11:59:05.406353 -0.297 -1.139 -0.022 0.61 4.15 1.099 -90.703 14.672 10.772 
WTleg2 739005162 2021-11-17 11:59:05.408339 0.144 0.926 -0.205 0.122 0.0 0.0 102.437 -8.492 -107.331 
WTleg1 739005169 2021-11-17 11:59:05.411332 -0.012 1.003 -0.101 -0.305 -0.183 0.549 95.845 0.511 69.049 
WTarm2 739005194 2021-11-17 11:59:05.473270 -0.021 0.916 -0.082 -2.991 0.305 -0.305 95.378 1.406 -43.764 
WTarm1up 739005215 2021-11-17 11:59:05.510171 -0.256 1.018 -0.095 0.61 -0.183 0.0 95.62 13.634 99.619 
WTleg2 739005223 2021-11-17 11:59:05.511171 0.145 0.926 -0.202 0.061 0.0 0.427 102.448 -8.525 -107.463 
WTarm2up 739005225 2021-11-17 11:59:05.513192 -0.301 -1.141 -0.018 -0.183 2.686 1.648 -90.802 14.804 10.448 
WTleg1 739005262 2021-11-17 11:59:05.514189 -0.01 1.004 -0.099 -0.244 -0.61 0.427 95.806 0.483 69.038 
WTarm2 739005284 2021-11-17 11:59:05.515186 -0.021 0.912 -0.079 -2.075 0.061 -0.488 95.158 1.434 -43.731 
WTarm1up 739005305 2021-11-17 11:59:05.565267 -0.247 1.021 -0.099 1.404 0.183 -0.793 95.718 13.689 99.597 
WTarm2up 739005312 2021-11-17 11:59:05.595395 -0.295 -1.139 -0.023 0.244 1.282 1.038 -90.857 14.958 10.305 
WTleg2 739005342 2021-11-17 11:59:05.597393 0.145 0.927 -0.206 0.0 0.183 0.427 102.458 -8.569 -107.545 
WTleg1 739005366 2021-11-17 11:59:05.598391 -0.005 1.001 -0.097 -0.305 0.244 0.0 95.79 0.461 69.093 
WTarm2 739005391 2021-11-17 11:59:05.677295 -0.022 0.913 -0.08 -1.526 1.892 -1.038 95.026 1.472 -43.638 
WTleg2 739005417 2021-11-17 11:59:05.711424 0.132 0.925 -0.206 0.061 0.977 0.0 102.464 -8.597 -107.551 
WTarm2up 739005434 2021-11-17 11:59:05.715413 -0.303 -1.141 -0.024 1.404 2.747 1.709 -90.862 15.068 10.179 
WTarm1up 739005441 2021-11-17 11:59:05.719403 -0.259 1.015 -0.103 0.366 2.869 0.488 95.839 13.716 99.767 
WTleg1 739005458 2021-11-17 11:59:05.722396 -0.006 1.003 -0.097 -0.183 0.366 0.0 95.768 0.439 69.219 
WTarm2up 739005507 2021-11-17 11:59:05.778923 -0.306 -1.141 -0.024 2.075 0.732 0.977 -90.769 15.216 10.074 
WTarm2 739005510 2021-11-17 11:59:05.813489 -0.03 0.912 -0.081 -0.183 0.549 -0.916 94.916 1.566 -43.506 
WTarm1up 739005512 2021-11-17 11:59:05.817441 -0.252 1.023 -0.102 0.122 2.197 1.648 95.927 13.612 99.965 
WTleg2 739005536 2021-11-17 11:59:05.821427 0.138 0.926 -0.209 0.183 0.305 -0.061 102.469 -8.564 -107.523 
WTleg1 739005560 2021-11-17 11:59:05.824419 -0.014 1.002 -0.098 0.0 -0.305 -0.061 95.724 0.428 69.274 
WTarm2 739005584 2021-11-17 11:59:05.828442 -0.022 0.912 -0.088 2.075 1.465 -1.587 95.015 1.681 -43.434 
WTarm1up 739005604 2021-11-17 11:59:05.877285 -0.248 1.026 -0.104 0.366 0.488 2.136 95.966 13.414 100.146 
WTleg2 739005611 2021-11-17 11:59:05.908535 0.147 0.926 -0.204 -0.061 -0.305 0.61 102.48 -8.608 -107.633 
WTarm2up 739005642 2021-11-17 11:59:05.916514 -0.235 -1.193 0.003 2.686 7.507 3.906 -90.72 15.282 10.014 
WTleg1 739005665 2021-11-17 11:59:05.917511 -0.011 1.001 -0.095 0.0 1.038 -0.793 95.707 0.5 69.291 
WTarm2 739005703 2021-11-17 11:59:05.977321 -0.012 0.913 -0.075 -0.488 4.822 -1.465 95.18 1.78 -42.968 
WTarm1up 739005708 2021-11-17 11:59:06.012715 -0.238 1.014 -0.084 0.488 7.69 1.953 96.042 13.211 100.574 
WTleg2 739005731 2021-11-17 11:59:06.013683 0.158 0.926 -0.21 -0.183 3.479 -0.183 102.48 -8.696 -107.529 
WTarm2up 739005735 2021-11-17 11:59:06.015705 -0.483 -1.187 0.167 59.265 43.03 25.513 -88.226 16.21 7.773 
WTleg1 739005772 2021-11-17 11:59:06.016674 -0.013 1.002 -0.092 0.366 3.052 -0.977 95.724 0.577 69.549 
WTarm1up 739005814 2021-11-17 11:59:06.080481 -0.28 1.004 -0.101 -1.404 9.46 4.578 96.136 12.881 101.635 
WTarm2up 739005824 2021-11-17 11:59:06.122760 -0.612 -1.168 0.163 80.688 27.405 95.459 -81.568 22.341 5.175 
WTarm2 739005827 2021-11-17 11:59:06.126715 -0.031 0.915 -0.084 -3.113 3.235 -2.441 95.048 1.95 -42.259 
WTleg2 739005852 2021-11-17 11:59:06.130699 0.131 0.924 -0.227 -0.732 1.831 1.282 102.448 -8.789 -107.249 
WTleg1 739005876 2021-11-17 11:59:06.133731 -0.02 1.003 -0.085 1.465 -2.136 0.427 95.757 0.643 69.587 
WTarm2 739005900 2021-11-17 11:59:06.182202 -0.025 0.919 -0.054 -6.104 -1.343 -2.808 94.647 2.214 -42.133 
WTarm1up 739005903 2021-11-17 11:59:06.215541 -0.249 1.011 -0.114 0.732 -1.099 1.526 96.103 12.579 101.909 
WTleg2 739005911 2021-11-17 11:59:06.219531 0.145 0.923 -0.213 -2.808 -2.808 0.183 102.354 -8.806 -107.358 
WTarm2up 739005914 2021-11-17 11:59:06.223519 -0.781 -1.081 0.227 97.107 39.612 156.494 -72.57 35.403 4.763 
WTleg1 739005952 2021-11-17 11:59:06.226511 -0.002 1.002 -0.099 2.869 -0.244 0.916 95.966 0.588 69.401 
WTarm2 739005993 2021-11-17 11:59:06.230454 -0.042 0.913 -0.045 -6.531 3.052 -2.808 93.812 2.499 -42.1 
WTarm1up 739005997 2021-11-17 11:59:06.234490 -0.196 1.029 -0.108 3.479 -1.343 -1.282 96.317 12.574 101.7 
WTarm2up 739006018 2021-11-17 11:59:06.287236 -0.793 -0.875 0.273 90.332 39.551 151.062 -60.93 51.125 8.509 
WTleg2 739006031 2021-11-17 11:59:06.319735 0.167 0.929 -0.188 -2.197 1.404 -2.075 102.09 -8.729 -107.567 
WTleg1 739006071 2021-11-17 11:59:06.323766 0.003 1.0 -0.123 2.197 4.639 -0.183 96.235 0.483 69.56 
WTarm2 739006098 2021-11-17 11:59:06.327748 -0.068 0.921 -0.054 -10.62 7.996 -5.31 93.065 2.845 -41.49 
WTarm2up 739006109 2021-11-17 11:59:06.385917 -0.72 -0.586 0.163 80.872 54.26 112.61 -44.978 63.583 18.935 
WTarm1up 739006144 2021-11-17 11:59:06.424040 -0.214 1.032 -0.114 -1.16 8.789 1.221 96.515 12.491 102.079 
WTleg1 739006159 2021-11-17 11:59:06.425007 -0.005 1.002 -0.12 -0.793 7.019 -0.549 96.328 0.461 70.197 
WTleg2 739006166 2021-11-17 11:59:06.427016 0.141 0.93 -0.181 -0.977 5.981 -0.61 101.827 -8.718 -107.271 
WTarm2 739006199 2021-11-17 11:59:06.428997 -0.072 0.911 -0.021 -3.967 -0.61 -6.714 92.269 3.554 -41.287 
WTarm1up 739006203 2021-11-17 11:59:06.479302 -0.238 1.015 -0.125 -2.502 10.62 4.456 96.493 12.047 103.178 
WTarm2up 739006259 2021-11-17 11:59:06.517736 -0.756 -0.315 0.169 37.415 30.273 50.659 -33.113 72.191 27.114 
WTleg1 739006283 2021-11-17 11:59:06.519758 -0.016 1.001 -0.114 -2.319 2.625 1.221 96.207 0.385 70.604 
WTleg2 739006286 2021-11-17 11:59:06.521752 0.106 0.929 -0.191 0.183 3.296 -0.305 101.689 -8.707 -106.88 
WTarm1up 739006296 2021-11-17 11:59:06.523742 -0.257 1.024 -0.138 0.488 3.235 4.089 96.586 11.635 104.046 
WTarm2 739006302 2021-11-17 11:59:06.525746 -0.084 0.911 -0.027 3.662 -5.676 -5.493 92.236 4.268 -41.605 
WTleg2 739006332 2021-11-17 11:59:06.592369 0.135 0.928 -0.201 0.671 -3.052 0.061 101.766 -8.575 -106.902 
WTarm2up 739006336 2021-11-17 11:59:06.625866 -0.884 -0.212 0.162 9.766 10.986 15.564 -26.548 75.185 33.058 
WTleg1 739006369 2021-11-17 11:59:06.629816 -0.036 1.0 -0.096 -2.197 -2.686 1.526 95.982 0.302 70.477 
WTarm2 739006394 2021-11-17 11:59:06.633809 -0.077 0.919 -0.045 6.714 -6.409 -1.16 92.758 4.653 -42.122 
WTarm1up 739006399 2021-11-17 11:59:06.637847 -0.236 1.026 -0.132 2.197 -11.108 4.028 96.691 11.354 103.705 
WTarm2up 739006408 2021-11-17 11:59:06.690931 -0.915 -0.216 0.188 -5.798 -9.705 -5.005 -25.549 75.366 35.288 
WTleg1 739006463 2021-11-17 11:59:06.721848 -0.014 1.003 -0.103 -0.061 -4.761 0.61 95.867 0.335 69.983 
WTarm1up 739006490 2021-11-17 11:59:06.722846 -0.181 1.043 -0.112 2.686 -10.62 2.625 96.729 11.173 102.437 
WTleg2 739006512 2021-11-17 11:59:06.791974 0.155 0.929 -0.202 -0.183 -5.859 1.648 101.898 -8.591 -107.501 
WTarm2up 739006516 2021-11-17 11:59:06.824912 -0.922 -0.259 0.208 -13.428 -24.841 -15.198 -28.564 73.488 34.404 
WTarm2 739006528 2021-11-17 11:59:06.825882 -0.067 0.92 -0.05 8.057 -5.31 0.916 93.4 4.647 -42.589 
WTleg1 739006550 2021-11-17 11:59:06.827903 -0.002 1.002 -0.091 0.671 -3.357 0.305 95.85 0.335 69.642 
WTleg2 739006558 2021-11-17 11:59:06.828872 0.152 0.927 -0.197 -0.366 -2.93 1.099 101.959 -8.69 -108.034 
WTarm1up 739006594 2021-11-17 11:59:06.830903 -0.196 1.025 -0.109 -0.244 -3.418 0.916 96.669 11.047 101.838 
WTarm2 739006602 2021-11-17 11:59:06.831864 -0.071 0.912 -0.058 3.845 -0.854 2.258 93.829 4.482 -42.77 
WTleg2 739006632 2021-11-17 11:59:06.897849 0.144 0.929 -0.193 -0.854 -0.732 0.061 101.942 -8.729 -108.237 
WTarm2up 739006635 2021-11-17 11:59:06.935026 -0.883 -0.299 0.213 -26.062 -7.629 -28.625 -34.03 70.626 31.992 
WTleg1 739006686 2021-11-17 11:59:06.937022 -0.003 1.005 -0.106 0.305 -0.916 0.427 95.894 0.291 69.521 
WTarm2up 739006712 2021-11-17 11:59:06.996749 -0.859 -0.342 0.19 -51.453 -37.598 -52.49 -43.781 67.022 26.257 
WTarm2 739006717 2021-11-17 11:59:07.029586 -0.077 0.913 -0.063 5.798 -4.089 2.625 94.235 4.257 -42.863 
WTarm1up 739006720 2021-11-17 11:59:07.031576 -0.209 1.036 -0.117 -0.305 -3.296 0.0 96.509 11.058 101.602 
WTleg1 739006760 2021-11-17 11:59:07.032548 -0.012 1.002 -0.106 0.183 -2.502 0.488 95.922 0.275 69.401 
WTleg2 739006798 2021-11-17 11:59:07.034571 0.143 0.928 -0.194 -0.427 -1.953 0.183 101.898 -8.701 -108.424 
WTarm2 739006802 2021-11-17 11:59:07.035565 -0.085 0.928 -0.073 4.456 -5.676 1.465 94.741 4.131 -43.292 
WTarm1up 739006811 2021-11-17 11:59:07.097534 -0.195 1.038 -0.108 0.0 -5.31 0.366 96.405 11.096 101.25 
WTarm2up 739006814 2021-11-17 11:59:07.131791 -0.732 -0.428 0.098 -71.96 -4.456 -70.557 -55.042 60.43 21.324 
WTleg1 739006851 2021-11-17 11:59:07.134773 -0.008 1.006 -0.113 -0.244 -0.122 0.488 95.927 0.242 69.258 
WTleg2 739006887 2021-11-17 11:59:07.136779 0.146 0.924 -0.191 0.122 -2.441 -0.244 101.898 -8.63 -108.693 
WTarm2up 739006902 2021-11-17 11:59:07.140768 -0.771 -0.864 0.219 -78.186 24.963 -115.601 -71.268 51.735 11.574 
WTarm2 739006907 2021-11-17 11:59:07.142762 -0.076 0.914 -0.074 0.732 -1.343 1.465 94.889 4.021 -43.676 
WTarm1up 739006939 2021-11-17 11:59:07.201266 -0.171 1.014 -0.096 3.174 -3.357 -0.488 96.422 11.113 100.767 
WTarm1up 739006985 2021-11-17 11:59:07.234215 -0.22 1.032 -0.131 1.77 3.662 -2.502 96.608 11.217 100.871 
WTleg1 739006990 2021-11-17 11:59:07.237204 0.004 1.002 -0.114 -1.404 0.61 0.183 95.856 0.192 69.197 
WTleg2 739007007 2021-11-17 11:59:07.239200 0.15 0.932 -0.182 1.099 0.0 -0.977 101.909 -8.575 -108.946 
WTarm2up 739007011 2021-11-17 11:59:07.243234 -0.832 -1.177 0.158 -64.392 3.052 -160.583 -83.145 37.392 6.85 
WTarm2 739007026 2021-11-17 11:59:07.300634 -0.043 0.913 -0.059 -1.343 6.409 1.526 94.861 3.873 -43.621 
WTleg2 739007038 2021-11-17 11:59:07.335950 0.153 0.934 -0.191 2.38 6.714 -4.456 101.97 -8.459 -108.798 
WTarm1up 739007092 2021-11-17 11:59:07.338940 -0.223 1.041 -0.107 -1.648 10.864 -3.296 96.652 11.332 101.635 
WTleg1 739007105 2021-11-17 11:59:07.340958 -0.01 1.002 -0.096 -2.014 5.432 -0.305 95.663 0.143 69.593 
WTarm2up 739007113 2021-11-17 11:59:07.343950 -0.729 -1.021 0.115 -97.9 -45.593 -140.808 -89.907 22.0 8.388 
WTarm2 739007117 2021-11-17 11:59:07.403121 -0.062 0.917 -0.093 2.319 7.812 0.549 94.922 3.647 -42.858 
WTleg2 739007131 2021-11-17 11:59:07.437989 0.132 0.928 -0.219 1.77 7.69 -2.319 102.118 -8.322 -107.99 
WTarm1up 739007179 2021-11-17 11:59:07.440014 -0.253 0.988 -0.103 -2.38 1.648 0.0 96.438 11.514 102.519 
WTleg1 739007183 2021-11-17 11:59:07.440982 -0.021 1.004 -0.084 -1.282 1.587 0.061 95.477 0.17 70.065 
WTarm2 739007203 2021-11-17 11:59:07.442982 -0.058 0.907 -0.102 7.874 3.235 1.892 95.224 3.488 -42.308 
WTarm2up 739007217 2021-11-17 11:59:07.443974 -0.655 -1.298 0.14 -31.555 -3.784 -60.852 -95.471 12.892 11.536 
WTleg1 739007254 2021-11-17 11:59:07.505332 0.001 1.004 -0.068 0.488 -1.831 0.61 95.427 0.192 70.126 
WTleg2 739007263 2021-11-17 11:59:07.540046 0.139 0.893 -0.251 1.282 0.854 0.0 102.266 -8.289 -107.622 
WTarm1up 739007285 2021-11-17 11:59:07.543038 -0.272 1.029 -0.104 -0.671 -16.785 2.136 96.125 11.711 101.821 
WTarm2 739007310 2021-11-17 11:59:07.546030 -0.074 0.919 -0.057 -3.54 -1.526 2.197 95.273 3.181 -42.501 
WTarm2up 739007324 2021-11-17 11:59:07.609212 -0.424 -1.164 -0.181 -3.723 -38.33 11.169 -94.543 13.068 11.371 
WTleg1 739007347 2021-11-17 11:59:07.643082 0.023 1.005 -0.133 1.343 -1.77 0.977 95.702 0.132 69.906 
WTleg2 739007382 2021-11-17 11:59:07.644101 0.115 0.934 -0.186 2.747 -3.357 0.0 102.189 -8.168 -107.847 
WTarm2 739007399 2021-11-17 11:59:07.645077 -0.049 0.911 -0.07 2.625 -3.174 -0.244 95.438 3.208 -42.539 
WTarm1up 739007403 2021-11-17 11:59:07.647071 -0.15 1.023 -0.099 1.404 -13.367 0.061 95.674 11.744 100.014 
WTarm2up 739007415 2021-11-17 11:59:07.648069 -0.161 -1.114 0.004 -7.385 -21.423 -7.019 -94.373 13.079 15.222 
WTleg2 739007426 2021-11-17 11:59:07.709903 0.137 0.926 -0.194 2.075 1.343 -0.793 102.129 -8.064 -108.051 
WTleg1 739007448 2021-11-17 11:59:07.744609 -0.004 1.005 -0.085 -3.052 -3.052 2.136 95.548 -0.038 69.719 
WTarm1up 739007480 2021-11-17 11:59:07.747599 -0.228 1.034 -0.093 0.061 7.874 2.686 95.806 11.503 100.074 
WTarm2 739007505 2021-11-17 11:59:07.749638 -0.059 0.917 -0.099 0.854 -0.366 -1.343 95.762 3.34 -42.99 
WTarm2up 739007517 2021-11-17 11:59:07.752589 -0.38 -1.161 -0.042 9.094 27.832 -3.723 -94.048 12.458 13.299 
WTleg1 739007555 2021-11-17 11:59:07.812148 -0.016 1.002 -0.103 -1.16 1.953 0.916 95.394 -0.17 69.714 
WTleg2 739007563 2021-11-17 11:59:07.844687 0.135 0.921 -0.226 2.869 0.061 -0.366 102.261 -7.998 -107.99 
WTarm1up 739007599 2021-11-17 11:59:07.847679 -0.219 1.03 -0.116 -0.977 -3.174 2.38 95.729 11.294 100.261 
WTarm2up 739007607 2021-11-17 11:59:07.849674 -0.348 -1.121 -0.04 5.371 -3.723 4.211 -93.499 12.92 11.733 
WTarm2 739007611 2021-11-17 11:59:07.852624 -0.054 0.921 -0.088 0.977 -1.953 -0.183 95.916 3.378 -43.061 
WTleg2 739007637 2021-11-17 11:59:07.904003 0.12 0.928 -0.193 0.854 -2.747 -0.671 102.321 -7.905 -108.018 
WTleg1 739007677 2021-11-17 11:59:07.937252 0.007 1.002 -0.097 -0.732 -1.648 1.77 95.317 -0.264 69.609 
WTarm1up 739007687 2021-11-17 11:59:07.940244 -0.199 1.028 -0.105 1.343 -0.977 0.305 95.757 11.184 99.926 
WTarm2up 739007717 2021-11-17 11:59:07.943200 -0.299 -1.121 -0.04 0.977 -0.305 -0.244 -93.098 13.25 11.415 
WTarm2 739007720 2021-11-17 11:59:07.946192 -0.062 0.915 -0.094 0.427 -2.747 -0.122 95.966 3.466 -43.259 
WTleg1 739007751 2021-11-17 11:59:08.015398 0.001 1.004 -0.092 -1.16 -0.671 1.465 95.235 -0.412 69.467 
WTleg2 739007759 2021-11-17 11:59:08.046939 0.138 0.928 -0.205 0.732 -2.441 -1.404 102.415 -7.756 -108.237 
WTarm1up 739007782 2021-11-17 11:59:08.049979 -0.196 1.034 -0.103 -0.122 -0.061 1.282 95.79 11.129 99.899 
WTarm2 739007804 2021-11-17 11:59:08.053929 -0.058 0.916 -0.103 -0.488 -0.305 0.0 96.021 3.483 -43.176 
WTarm2up 739007819 2021-11-17 11:59:08.058914 -0.337 -1.134 -0.026 1.526 3.784 -1.343 -92.922 13.228 10.778 
WTarm1up 739007868 2021-11-17 11:59:08.115597 -0.209 1.033 -0.098 0.122 -0.244 0.549 95.784 11.036 99.926 
WTleg1 739007871 2021-11-17 11:59:08.149507 0.004 1.001 -0.091 -0.427 0.244 0.427 95.147 -0.472 69.516 
WTleg2 739007892 2021-11-17 11:59:08.152539 0.123 0.924 -0.214 1.16 -0.671 -0.488 102.519 -7.635 -108.386 
WTarm2up 739007905 2021-11-17 11:59:08.155531 -0.336 -1.141 -0.025 -0.122 -0.793 2.136 -92.736 13.502 10.217 
WTarm2 739007908 2021-11-17 11:59:08.159521 -0.056 0.913 -0.104 1.404 0.366 0.122 96.103 3.466 -43.105 
WTleg1 739007958 2021-11-17 11:59:08.217164 0.004 1.003 -0.089 -0.549 0.0 -0.122 95.12 -0.472 69.56 
WTarm1up 739007972 2021-11-17 11:59:08.251042 -0.201 1.025 -0.099 0.0 0.122 0.977 95.757 10.975 99.871 
WTleg2 739007996 2021-11-17 11:59:08.255040 0.124 0.926 -0.202 0.305 0.671 0.183 102.563 -7.625 -108.567 
WTarm2 739008012 2021-11-17 11:59:08.258032 -0.061 0.913 -0.109 2.258 0.61 0.183 96.301 3.466 -43.061 
WTarm2up 739008041 2021-11-17 11:59:08.316929 -0.342 -1.121 -0.031 -4.089 -8.545 3.235 -92.834 13.925 10.179 
WTleg1 739008066 2021-11-17 11:59:08.350020 0.014 1.003 -0.089 -0.671 -0.549 -0.427 95.092 -0.439 69.571 
WTarm1up 739008079 2021-11-17 11:59:08.354008 -0.187 1.043 -0.095 0.732 0.488 0.977 95.762 10.827 99.789 
WTarm2up 739008103 2021-11-17 11:59:08.357997 -0.426 -1.193 0.086 24.597 0.488 14.954 -91.494 15.024 10.453 
WTarm2 739008107 2021-11-17 11:59:08.361987 -0.046 0.917 -0.109 0.305 3.967 -0.793 96.597 3.494 -42.819 
WTleg2 739008134 2021-11-17 11:59:08.417737 0.116 0.925 -0.211 0.0 -0.854 1.221 102.656 -7.657 -108.512 
WTleg1 739008142 2021-11-17 11:59:08.449303 0.002 1.0 -0.076 0.488 -1.648 -0.488 94.999 -0.39 69.527 
WTarm1up 739008168 2021-11-17 11:59:08.451300 -0.23 1.013 -0.087 -0.244 1.709 1.648 95.79 10.8 100.069 
WTleg2 739008175 2021-11-17 11:59:08.453329 0.127 0.921 -0.227 0.854 0.0 0.977 102.733 -7.712 -108.567 
WTarm2up 739008208 2021-11-17 11:59:08.455288 -0.758 -1.192 0.147 51.514 -34.119 80.383 -86.44 20.55 10.953 
WTarm2 739008211 2021-11-17 11:59:08.457283 -0.049 0.919 -0.112 -2.563 0.671 -0.244 96.542 3.505 -42.781 
WTleg2 739008236 2021-11-17 11:59:08.522803 0.125 0.924 -0.211 -1.465 -5.249 2.502 102.799 -7.828 -108.776 
WTleg1 739008247 2021-11-17 11:59:08.554341 -0.001 1.002 -0.076 1.16 -4.211 0.183 95.043 -0.341 69.225 
WTarm1up 739008276 2021-11-17 11:59:08.556359 -0.182 1.021 -0.091 4.517 0.305 0.305 95.922 10.662 100.168 
WTarm2up 739008301 2021-11-17 11:59:08.559347 -0.665 -1.186 0.263 90.698 -33.875 120.117 -76.119 30.531 16.974 
WTarm2 739008317 2021-11-17 11:59:08.561345 -0.039 0.919 -0.099 -2.93 0.793 -0.977 96.169 3.499 -42.687 
WTleg1 739008368 2021-11-17 11:59:08.631020 0.022 1.004 -0.096 2.38 1.526 -0.854 95.229 -0.335 69.038 
WTarm1up 739008378 2021-11-17 11:59:08.665922 -0.177 1.041 -0.107 0.854 3.967 1.282 96.229 10.525 100.278 
WTleg2 739008433 2021-11-17 11:59:08.666890 0.156 0.926 -0.207 -1.16 1.587 0.0 102.695 -7.954 -109.111 
WTarm2 739008439 2021-11-17 11:59:08.715759 -0.059 0.914 -0.091 -4.761 9.094 -1.038 95.707 3.516 -42.138 
WTleg1 739008442 2021-11-17 11:59:08.746676 0.009 1.002 -0.1 1.648 5.554 -2.014 95.438 -0.231 69.445 
WTleg2 739008445 2021-11-17 11:59:08.748671 0.126 0.927 -0.197 -0.732 6.287 -0.244 102.469 -8.086 -108.781 
WTarm2up 739008448 2021-11-17 11:59:08.749670 -0.593 -1.007 0.292 109.741 -16.968 123.474 -61.04 40.732 25.917 
WTarm1up 739008484 2021-11-17 11:59:08.751663 -0.179 1.034 -0.111 -2.319 11.047 1.465 96.213 10.267 100.937 
WTarm2up 739008508 2021-11-17 11:59:08.752660 -0.736 -0.702 0.32 111.816 59.814 110.291 -45.648 51.471 33.063 
WTleg2 739008538 2021-11-17 11:59:08.754655 0.119 0.928 -0.202 -0.427 4.517 -0.671 102.332 -8.086 -108.193 
WTarm2 739008546 2021-11-17 11:59:08.823533 -0.077 0.918 -0.08 -9.644 9.583 -3.479 95.18 3.653 -41.265 
WTleg1 739008551 2021-11-17 11:59:08.854853 -0.003 1.006 -0.106 0.366 4.944 -1.282 95.57 -0.104 69.933 
WTarm1up 739008558 2021-11-17 11:59:08.856870 -0.198 1.029 -0.122 -1.16 7.874 1.404 96.224 10.031 101.937 
WTarm2 739008617 2021-11-17 11:59:08.857853 -0.088 0.914 -0.067 -8.545 -0.366 -4.395 94.301 4.131 -40.941 
WTarm2up 739008629 2021-11-17 11:59:08.859862 -0.746 -0.433 0.256 80.261 81.848 83.557 -33.289 62.897 38.425 
WTleg1 739008652 2021-11-17 11:59:08.920325 -0.002 1.001 -0.1 -0.977 2.319 -0.793 95.543 -0.027 70.263 
WTarm1up 739008663 2021-11-17 11:59:08.952724 -0.209 1.016 -0.118 0.671 1.16 2.502 96.312 9.871 102.431 
WTarm2up 739008706 2021-11-17 11:59:08.955719 -0.792 -0.247 0.242 25.696 22.522 39.917 -22.797 68.939 46.263 
WTarm2 739008750 2021-11-17 11:59:09.020086 -0.081 0.914 -0.051 0.366 -4.944 -4.517 93.895 4.614 -41.325 
WTleg2 739008778 2021-11-17 11:59:09.051366 0.118 0.923 -0.206 0.183 0.549 0.0 102.277 -8.069 -108.023 
WTleg1 739008789 2021-11-17 11:59:09.053396 -0.009 1.002 -0.091 -1.404 -1.282 0.0 95.422 -0.005 70.291 
WTarm2up 739008807 2021-11-17 11:59:09.055361 -0.893 -0.176 0.239 -1.038 16.296 12.146 -18.809 71.439 50.515 
WTarm2 739008811 2021-11-17 11:59:09.057355 -0.078 0.912 -0.055 0.732 -5.432 -2.136 93.928 5.037 -41.792 
WTarm1up 739008844 2021-11-17 11:59:09.131482 -0.191 1.029 -0.123 2.625 -3.113 2.991 96.443 9.701 102.244 
WTleg2 739008853 2021-11-17 11:59:09.162556 0.119 0.927 -0.208 0.0 -3.296 1.648 102.349 -8.075 -108.1 
WTleg1 739008861 2021-11-17 11:59:09.164552 -0.009 1.003 -0.084 -1.221 -3.601 1.038 95.262 0.005 70.027 
WTarm1up 739008864 2021-11-17 11:59:09.166564 -0.185 1.05 -0.116 3.113 -7.141 1.404 96.641 9.547 101.711 
WTarm2up 739008899 2021-11-17 11:59:09.167541 -0.853 -0.156 0.258 -12.39 -12.024 -7.202 -20.034 70.983 51.075 
WTleg2 739008912 2021-11-17 11:59:09.168557 0.128 0.926 -0.211 -0.366 -4.089 1.648 102.464 -8.091 -108.589 
WTarm2 739008916 2021-11-17 11:59:09.170567 -0.068 0.916 -0.064 2.441 -2.625 0.366 94.037 5.12 -42.155 
WTleg2 739008942 2021-11-17 11:59:09.171564 0.147 0.924 -0.215 -0.854 -0.427 1.099 102.458 -8.201 -108.825 
WTleg1 739008953 2021-11-17 11:59:09.231654 0.008 1.005 -0.085 0.793 -2.869 -0.122 95.229 0.016 69.659 
WTarm1up 739008966 2021-11-17 11:59:09.262182 -0.16 1.051 -0.113 0.854 -5.554 -2.258 96.729 9.706 101.096 
WTarm2up 739009003 2021-11-17 11:59:09.264206 -0.896 -0.201 0.253 -21.118 -15.564 -20.63 -25.137 69.296 48.51 
WTarm2 739009022 2021-11-17 11:59:09.265174 -0.073 0.913 -0.062 2.991 2.075 1.831 94.274 4.944 -42.242 
WTarm1up 739009055 2021-11-17 11:59:09.332969 -0.162 1.026 -0.108 -1.648 1.648 -1.831 96.608 9.855 101.025 
WTleg1 739009059 2021-11-17 11:59:09.365256 0.005 1.001 -0.091 1.526 0.488 -1.404 95.334 0.088 69.62 
WTleg2 739009092 2021-11-17 11:59:09.369282 0.147 0.927 -0.195 -1.465 1.526 0.549 102.343 -8.333 -108.875 
WTarm2up 739009108 2021-11-17 11:59:09.373281 -0.888 -0.267 0.285 -30.823 -18.433 -34.302 -32.833 66.703 44.022 
WTleg1 739009147 2021-11-17 11:59:09.433355 -0.015 1.003 -0.102 0.793 0.61 -1.099 95.46 0.22 69.73 
WTarm2 739009154 2021-11-17 11:59:09.465427 -0.092 0.91 -0.065 4.761 1.892 3.479 94.636 4.653 -41.99 
WTarm1up 739009159 2021-11-17 11:59:09.467420 -0.208 1.041 -0.132 -4.639 3.54 0.732 96.345 9.86 101.415 
WTleg2 739009182 2021-11-17 11:59:09.469415 0.122 0.927 -0.202 -0.916 2.136 0.366 102.2 -8.388 -108.682 
WTarm2up 739009199 2021-11-17 11:59:09.472438 -0.815 -0.397 0.309 -48.523 -30.945 -60.059 -41.644 61.76 39.584 
WTarm2 739009213 2021-11-17 11:59:09.474433 -0.077 0.913 -0.062 4.272 -2.38 3.296 95.235 4.362 -42.089 
WTleg1 739009251 2021-11-17 11:59:09.534916 -0.014 1.002 -0.097 -0.061 -2.502 0.366 95.526 0.291 69.637 
WTleg2 739009256 2021-11-17 11:59:09.568342 0.141 0.931 -0.186 -0.61 -2.075 0.366 102.096 -8.438 -108.809 
WTarm1up 739009263 2021-11-17 11:59:09.570337 -0.195 1.014 -0.115 -1.77 -6.836 0.183 95.971 9.899 101.096 
WTarm2up 739009303 2021-11-17 11:59:09.572331 -0.738 -0.584 0.333 -45.959 6.775 -85.815 -53.833 54.745 32.64 
WTarm2 739009324 2021-11-17 11:59:09.574328 -0.062 0.916 -0.07 4.883 -1.953 2.441 95.68 4.065 -42.457 
WTleg2 739009332 2021-11-17 11:59:09.576352 0.169 0.93 -0.194 0.671 1.404 -1.282 102.068 -8.421 -108.924 
WTleg1 739009342 2021-11-17 11:59:09.578347 -0.009 1.004 -0.1 -0.732 1.221 0.427 95.493 0.28 69.516 
WTarm1up 739009354 2021-11-17 11:59:09.629991 -0.181 1.053 -0.116 -0.488 -8.606 -3.845 95.801 10.256 100.168 
WTarm2up 739009393 2021-11-17 11:59:09.662974 -0.774 -0.769 0.176 -91.125 -20.874 -117.188 -66.703 45.319 25.862 
WTarm2 739009426 2021-11-17 11:59:09.666964 -0.065 0.92 -0.088 -3.967 2.197 2.319 95.867 3.856 -42.539 
WTarm1up 739009460 2021-11-17 11:59:09.737695 -0.145 1.023 -0.079 -1.526 2.136 -4.944 95.565 10.646 99.75 
WTleg1 739009463 2021-11-17 11:59:09.770984 -0.016 1.005 -0.092 -0.732 2.686 -0.122 95.433 0.269 69.769 
WTleg2 739009482 2021-11-17 11:59:09.774023 0.146 0.93 -0.194 0.183 2.625 -1.709 102.09 -8.399 -108.765 
WTarm2up 739009498 2021-11-17 11:59:09.778012 -0.678 -1.113 0.338 -66.956 -13.916 -127.686 -75.828 32.536 24.39 
WTarm2 739009513 2021-11-17 11:59:09.781006 -0.054 0.913 -0.088 -1.648 8.545 1.892 95.576 3.543 -42.144 
WTleg1 739009553 2021-11-17 11:59:09.845210 -0.002 1.003 -0.097 -0.183 6.653 -0.61 95.411 0.242 70.208 
WTarm1up 739009562 2021-11-17 11:59:09.878469 -0.214 1.023 -0.104 -3.845 14.343 -5.127 95.455 11.102 100.668 
WTleg2 739009572 2021-11-17 11:59:09.882455 0.147 0.929 -0.2 1.526 6.958 -3.479 102.079 -8.262 -108.276 
WTarm2 739009621 2021-11-17 11:59:09.886445 -0.065 0.918 -0.086 -1.465 5.798 1.343 95.383 3.29 -41.501 
WTleg1 739009641 2021-11-17 11:59:09.890435 -0.019 1.0 -0.09 -0.122 2.869 -0.244 95.345 0.247 70.62 
WTleg2 739009647 2021-11-17 11:59:09.894423 0.122 0.922 -0.216 1.099 5.005 -2.014 102.129 -8.113 -107.611 
WTarm1up 739009656 2021-11-17 11:59:09.935269 -0.253 1.019 -0.112 -4.333 4.883 -5.615 95.164 11.563 101.684 
WTarm2up 739009663 2021-11-17 11:59:09.968196 -0.615 -1.159 0.218 -65.735 -18.86 -99.976 -83.265 21.16 23.11 
WTarm2up 739009708 2021-11-17 11:59:09.970192 -0.527 -1.146 0.146 -58.289 -6.653 -54.504 -88.786 13.546 23.055 
WTarm2 739009723 2021-11-17 11:59:09.974150 -0.064 0.912 -0.095 -4.089 -0.488 2.075 95.147 3.082 -41.067 
WTleg2 739009742 2021-11-17 11:59:09.976155 0.11 0.922 -0.208 -0.122 -0.854 -0.732 102.206 -7.938 -107.271 
WTarm1up 739009761 2021-11-17 11:59:10.035685 -0.249 0.991 -0.106 -1.282 -2.502 -1.953 95.004 12.019 101.893 
WTleg1 739009765 2021-11-17 11:59:10.066257 -0.018 1.0 -0.087 -0.305 1.77 0.488 95.323 0.242 70.988 
WTarm2up 739009797 2021-11-17 11:59:10.069248 -0.408 -1.201 0.11 -36.682 -19.47 -12.146 -93.444 11.008 22.736 
WTarm2 739009828 2021-11-17 11:59:10.071242 -0.027 0.917 -0.071 -3.784 -2.808 0.0 94.669 2.999 -41.127 
WTleg1 739009835 2021-11-17 11:59:10.073238 -0.003 1.002 -0.087 -0.488 -4.517 1.77 95.295 0.159 70.73 
WTarm1up 739009848 2021-11-17 11:59:10.075232 -0.232 1.03 -0.064 4.456 -4.517 -3.235 95.131 12.349 101.36 
WTleg2 739009890 2021-11-17 11:59:10.146652 0.136 0.925 -0.228 0.793 -4.028 -0.61 102.332 -7.762 -107.474 
WTarm2 739009924 2021-11-17 11:59:10.178571 -0.054 0.918 -0.054 -5.981 -3.662 0.793 94.18 2.939 -41.479 
WTarm2up 739009932 2021-11-17 11:59:10.180568 -0.368 -1.177 0.051 7.324 6.897 5.188 -94.411 11.052 22.89 
WTarm1up 739009955 2021-11-17 11:59:10.182591 -0.206 1.02 -0.083 0.977 -1.526 -2.197 95.246 12.711 101.03 
WTleg1 739009960 2021-11-17 11:59:10.244719 0.004 1.002 -0.103 1.709 -1.038 0.61 95.345 0.06 70.505 
WTleg2 739009967 2021-11-17 11:59:10.277197 0.14 0.93 -0.197 -0.916 -1.648 -0.366 102.349 -7.734 -107.814 
WTarm2up 739009991 2021-11-17 11:59:10.278199 -0.264 -1.12 -0.057 1.038 3.357 0.793 -93.944 11.563 21.226 
WTarm2 739010025 2021-11-17 11:59:10.279220 -0.048 0.911 -0.056 -6.226 -0.305 0.061 93.763 2.911 -41.347 
WTleg2 739010036 2021-11-17 11:59:10.281187 0.118 0.927 -0.21 0.793 1.648 0.427 102.36 -7.762 -107.787 
WTleg1 739010045 2021-11-17 11:59:10.282185 -0.005 1.004 -0.084 -0.549 -0.549 -0.488 95.361 0.049 70.477 
WTarm1up 739010059 2021-11-17 11:59:10.344460 -0.237 1.034 -0.092 0.122 5.737 -0.244 95.306 12.722 101.255 
WTarm2up 739010130 2021-11-17 11:59:10.374717 -0.341 -1.138 -0.025 -2.197 6.775 -2.014 -93.95 11.596 19.808 
WTarm2 739010136 2021-11-17 11:59:10.376685 -0.044 0.911 -0.063 -0.61 -0.305 0.61 93.428 2.867 -41.396 
WTleg2 739010159 2021-11-17 11:59:10.444698 0.118 0.924 -0.215 0.122 0.671 0.549 102.409 -7.778 -107.732 
WTarm1up 739010165 2021-11-17 11:59:10.476810 -0.245 1.023 -0.091 -0.305 -1.465 -0.305 95.339 12.766 101.503 
WTleg1 739010170 2021-11-17 11:59:10.477790 0.001 1.003 -0.097 0.244 0.854 -0.61 95.378 0.093 70.516 
WTarm2up 739010218 2021-11-17 11:59:10.478806 -0.332 -1.146 -0.033 -3.235 -9.521 0.244 -93.988 11.805 19.265 
WTarm2 739010222 2021-11-17 11:59:10.480780 -0.04 0.919 -0.045 2.502 -0.671 0.0 93.417 2.796 -41.44 
WTarm1up 739010243 2021-11-17 11:59:10.482779 -0.217 1.017 -0.082 0.549 -2.075 1.099 95.251 12.728 101.245 
WTleg2 739010262 2021-11-17 11:59:10.548598 0.125 0.927 -0.203 0.0 -0.244 0.854 102.404 -7.833 -107.693 
WTleg1 739010285 2021-11-17 11:59:10.580521 0.003 1.003 -0.097 0.244 0.244 -0.305 95.383 0.132 70.472 
WTarm2up 739010293 2021-11-17 11:59:10.582509 -0.282 -1.138 -0.029 3.54 1.16 2.075 -93.625 12.101 19.193 
WTarm2 739010339 2021-11-17 11:59:10.587497 -0.044 0.921 -0.051 0.122 0.671 -1.648 93.433 2.884 -41.451 
WTarm1up 739010344 2021-11-17 11:59:10.591485 -0.221 1.016 -0.088 2.075 4.211 0.366 95.383 12.618 101.42 
WTleg1 739010347 2021-11-17 11:59:10.593480 -0.011 1.003 -0.096 -0.488 0.671 -0.366 95.372 0.165 70.488 
WTleg2 739010398 2021-11-17 11:59:10.648335 0.134 0.925 -0.202 0.183 0.732 0.732 102.398 -7.905 -107.748 
WTarm2up 739010403 2021-11-17 11:59:10.680249 -0.318 -1.139 -0.029 0.183 -0.977 4.333 -93.378 12.596 18.441 
WTleg1 739010436 2021-11-17 11:59:10.682243 -0.001 1.005 -0.091 -1.099 -0.732 -0.061 95.284 0.214 70.499 
WTleg2 739010442 2021-11-17 11:59:10.684237 0.126 0.926 -0.207 0.61 0.366 1.709 102.442 -8.026 -107.809 
WTarm2 739010445 2021-11-17 11:59:10.686231 -0.047 0.918 -0.05 -0.183 -0.671 -2.014 93.334 3.06 -41.468 
WTarm1up 739010463 2021-11-17 11:59:10.751057 -0.239 1.016 -0.096 4.333 0.977 1.709 95.735 12.508 101.788 
WTarm2up 739010504 2021-11-17 11:59:10.782971 -0.324 -1.138 -0.036 1.221 -3.296 5.798 -93.164 13.288 18.062 
WTarm2 739010519 2021-11-17 11:59:10.784966 -0.052 0.917 -0.05 -3.235 -1.77 -3.296 93.224 3.334 -41.638 
WTarm1up 739010541 2021-11-17 11:59:10.786963 -0.218 1.015 -0.104 6.409 2.563 1.831 96.257 12.343 101.876 
WTleg1 739010571 2021-11-17 11:59:10.852785 -0.005 1.003 -0.087 -1.709 -0.916 0.0 95.153 0.203 70.428 
WTleg2 739010575 2021-11-17 11:59:10.883703 0.137 0.926 -0.208 0.793 0.305 2.014 102.519 -8.185 -107.93 
WTarm2up 739010594 2021-11-17 11:59:10.884700 -0.334 -1.133 -0.018 3.418 -2.136 6.47 -92.725 14.09 17.825 
WTarm2 739010627 2021-11-17 11:59:10.886694 -0.061 0.915 -0.041 -3.479 -2.197 -3.601 92.878 3.702 -41.808 
WTarm1up 739010644 2021-11-17 11:59:10.887691 -0.221 1.026 -0.123 5.371 4.272 2.869 96.894 12.041 102.156 
WTleg1 739010648 2021-11-17 11:59:10.889686 -0.012 1.003 -0.087 -1.526 -1.099 0.488 94.971 0.187 70.389 
WTleg2 739010683 2021-11-17 11:59:10.952518 0.138 0.926 -0.213 0.244 -0.366 2.686 102.585 -8.416 -107.908 
WTarm2up 739010729 2021-11-17 11:59:10.983435 -0.343 -1.121 -0.016 3.479 0.0 5.371 -92.225 14.821 17.545 
WTarm2 739010732 2021-11-17 11:59:10.985430 -0.066 0.914 -0.037 -2.93 -1.16 -3.418 92.477 4.065 -41.984 
WTarm1up 739010750 2021-11-17 11:59:10.986427 -0.219 1.028 -0.135 4.578 3.052 2.075 97.46 11.75 102.513 
WTleg1 739010755 2021-11-17 11:59:10.988421 -0.007 1.003 -0.075 -1.038 -0.366 -0.244 94.828 0.225 70.345 
WTleg2 739010763 2021-11-17 11:59:10.989419 0.137 0.924 -0.217 -0.122 -0.427 2.625 102.656 -8.668 -107.957 
WTarm2up 739010803 2021-11-17 11:59:11.054246 -0.353 -1.118 -0.008 3.174 -0.916 3.784 -91.78 15.414 17.177 
WTarm1up 739010841 2021-11-17 11:59:11.097133 -0.219 1.032 -0.146 2.686 1.099 0.977 97.894 11.563 102.733 
WTleg1 739010846 2021-11-17 11:59:11.098130 -0.008 1.002 -0.073 -0.427 -1.404 0.0 94.735 0.253 70.291 
WTarm2 739010848 2021-11-17 11:59:11.100123 -0.067 0.913 -0.024 -2.075 -2.014 -2.075 92.137 4.334 -42.155 
WTleg2 739010861 2021-11-17 11:59:11.101122 0.144 0.923 -0.219 -0.549 -0.305 1.587 102.667 -8.839 -108.073 
WTarm2up 739010925 2021-11-17 11:59:11.156971 -0.357 -1.113 -0.006 1.282 1.77 1.282 -91.494 15.793 16.738 
WTarm2 739010929 2021-11-17 11:59:11.195867 -0.071 0.919 -0.025 0.61 -1.282 -0.183 92.038 4.427 -42.319 
WTarm1up 739010942 2021-11-17 11:59:11.196864 -0.213 1.033 -0.145 0.488 -1.77 0.122 98.042 11.519 102.673 
WTleg1 739010946 2021-11-17 11:59:11.198859 -0.01 1.005 -0.078 0.793 -1.038 -0.305 94.741 0.291 70.186 
WTleg2 739010950 2021-11-17 11:59:11.199856 0.158 0.925 -0.212 -1.343 -0.366 1.16 102.629 -8.943 -108.094 
WTarm2up 739011015 2021-11-17 11:59:11.258698 -0.358 -1.119 -0.006 0.122 2.38 -0.671 -91.412 15.892 16.183 
WTarm2 739011029 2021-11-17 11:59:11.290613 -0.065 0.916 -0.027 1.465 -0.305 0.732 92.12 4.378 -42.44 
WTarm1up 739011037 2021-11-17 11:59:11.291610 -0.213 1.023 -0.139 0.0 -3.052 -0.061 97.998 11.563 102.464 
WTleg2 739011088 2021-11-17 11:59:11.362352 0.144 0.928 -0.208 -1.587 -0.061 0.854 102.502 -9.036 -108.073 
WTarm2up 739011093 2021-11-17 11:59:11.395287 -0.367 -1.127 -0.014 0.366 1.648 -0.793 -91.39 15.925 15.65 
WTleg1 739011095 2021-11-17 11:59:11.397282 -0.01 1.002 -0.086 1.831 -1.465 -0.854 94.856 0.368 70.06 
WTarm2 739011134 2021-11-17 11:59:11.399276 -0.065 0.915 -0.026 0.732 -0.244 0.366 92.274 4.307 -42.512 
WTarm1up 739011139 2021-11-17 11:59:11.400273 -0.212 1.026 -0.138 -0.854 -0.793 0.0 97.888 11.596 102.272 
WTleg1 739011147 2021-11-17 11:59:11.401270 -0.0 1.0 -0.075 1.038 -1.343 -0.366 94.971 0.423 69.95 
WTleg2 739011192 2021-11-17 11:59:11.450579 0.15 0.925 -0.208 -2.075 1.465 0.183 102.305 -9.102 -107.935 
WTarm2up 739011224 2021-11-17 11:59:11.481922 -0.363 -1.121 -0.014 -0.244 0.183 -1.465 -91.379 15.936 15.238 
WTarm2 739011240 2021-11-17 11:59:11.483913 -0.069 0.923 -0.038 5.249 0.732 0.854 92.56 4.241 -42.572 
WTleg2 739011252 2021-11-17 11:59:11.484882 0.161 0.928 -0.202 -2.014 1.892 0.488 102.118 -9.163 -107.825 
WTarm1up 739011262 2021-11-17 11:59:11.485878 -0.213 1.026 -0.137 -1.587 -2.319 0.244 97.701 11.64 102.173 
WTleg1 739011280 2021-11-17 11:59:11.559809 -0.029 1.003 -0.096 2.38 -0.671 -1.709 95.202 0.61 69.835 
WTarm2up 739011299 2021-11-17 11:59:11.596309 -0.356 -1.129 -0.015 -0.305 -1.709 -2.075 -91.34 15.853 15.051 
WTarm1up 739011333 2021-11-17 11:59:11.599265 -0.224 1.025 -0.133 -1.16 0.061 0.549 97.548 11.596 102.101 
WTleg1 739011340 2021-11-17 11:59:11.602257 -0.008 1.003 -0.095 2.258 0.0 -1.709 95.449 0.797 69.857 
WTarm2 739011347 2021-11-17 11:59:11.605249 -0.066 0.917 -0.04 2.808 0.061 0.854 92.906 4.136 -42.55 
WTleg2 739011372 2021-11-17 11:59:11.607245 0.15 0.926 -0.198 -2.258 -0.671 1.038 101.915 -9.267 -107.765 
WTarm2up 739011405 2021-11-17 11:59:11.664101 -0.346 -1.124 -0.014 -0.244 -0.427 -2.38 -91.28 15.71 14.936 
WTarm1up 739011428 2021-11-17 11:59:11.697500 -0.22 1.02 -0.129 -1.526 -1.892 0.427 97.355 11.602 101.986 
WTleg1 739011432 2021-11-17 11:59:11.699529 -0.015 1.001 -0.1 1.892 -1.709 0.122 95.581 0.851 69.824 
WTarm2 739011441 2021-11-17 11:59:11.701520 -0.069 0.915 -0.042 2.258 -0.732 -0.244 93.115 4.114 -42.545 
WTleg2 739011450 2021-11-17 11:59:11.702525 0.15 0.928 -0.19 -1.526 -0.244 0.671 101.706 -9.338 -107.875 
WTarm2up 739011493 2021-11-17 11:59:11.765528 -0.35 -1.131 -0.014 0.916 0.732 -1.221 -91.214 15.612 14.672 
WTarm1up 739011530 2021-11-17 11:59:11.802035 -0.22 1.02 -0.135 -1.038 -3.235 2.136 97.196 11.541 101.783 
WTleg1 739011535 2021-11-17 11:59:11.804068 -0.022 1.003 -0.099 0.244 -1.526 0.183 95.757 0.868 69.565 
WTarm2 739011543 2021-11-17 11:59:11.805082 -0.072 0.916 -0.051 2.38 -0.732 -0.549 93.323 4.164 -42.643 
WTleg2 739011567 2021-11-17 11:59:11.806063 0.157 0.928 -0.192 -1.892 -1.16 0.61 101.558 -9.36 -107.908 
WTarm2up 739011598 2021-11-17 11:59:11.862288 -0.347 -1.125 -0.008 1.587 0.0 -1.282 -91.06 15.59 14.348 
WTarm2 739011631 2021-11-17 11:59:11.893653 -0.067 0.917 -0.056 3.296 -1.953 -0.183 93.609 4.219 -42.753 
WTarm1up 739011634 2021-11-17 11:59:11.895650 -0.215 1.023 -0.123 -0.244 -4.761 2.258 97.059 11.376 101.338 
WTleg1 739011650 2021-11-17 11:59:11.896647 -0.019 1.002 -0.103 0.854 -2.625 0.366 95.845 0.873 69.445 
WTarm2up 739011688 2021-11-17 11:59:11.968959 -0.34 -1.13 -0.008 2.258 0.488 -1.526 -90.813 15.507 14.134 
WTleg2 739011703 2021-11-17 11:59:12.000494 0.155 0.928 -0.19 -1.343 -2.014 1.404 101.437 -9.432 -108.078 
WTarm1up 739011724 2021-11-17 11:59:12.001447 -0.205 1.025 -0.125 -0.549 -1.831 1.648 96.932 11.234 100.997 
WTleg1 739011733 2021-11-17 11:59:12.002470 -0.021 1.004 -0.106 0.977 -1.587 0.427 95.971 0.84 69.197 
WTarm2 739011737 2021-11-17 11:59:12.004471 -0.069 0.917 -0.063 2.808 -2.014 -0.244 93.9 4.257 -43.055 
WTleg2 739011763 2021-11-17 11:59:12.005465 0.165 0.934 -0.183 -1.587 -1.404 0.916 101.31 -9.492 -108.342 
WTarm2up 739011810 2021-11-17 11:59:12.067672 -0.346 -1.125 -0.003 2.319 1.953 -1.465 -90.593 15.436 13.727 
WTarm1up 739011833 2021-11-17 11:59:12.100696 -0.205 1.027 -0.122 -0.977 -3.967 2.014 96.795 11.102 100.684 
WTleg1 739011848 2021-11-17 11:59:12.103659 -0.023 1.002 -0.103 0.916 -0.977 0.305 96.07 0.846 68.961 
WTarm2 739011853 2021-11-17 11:59:12.106695 -0.07 0.922 -0.064 4.089 -1.099 0.366 94.169 4.252 -43.22 
WTleg2 739011866 2021-11-17 11:59:12.109684 0.167 0.932 -0.187 -1.404 7.446 1.587 101.179 -9.673 -108.127 
WTarm2up 739011898 2021-11-17 11:59:12.174586 -0.352 -1.137 -0.004 2.197 0.671 -1.282 -90.396 15.386 13.37 
