WTleg1 739068517 2021-11-17 12:00:08.780455 -0.026 1.0 -0.109 5.127 4.272 -3.113 97.322 1.428 70.659 
WTarm1up 739068529 2021-11-17 12:00:08.812083 -0.25 1.002 -0.081 -1.831 14.832 -2.075 95.757 12.541 115.95 
WTleg2 739068535 2021-11-17 12:00:08.814048 0.151 0.928 -0.203 -3.296 -0.977 0.305 101.673 -8.558 -110.627 
WTarm2up 739068538 2021-11-17 12:00:08.816044 -0.283 -1.154 -0.046 -0.977 -5.127 1.953 -90.802 15.007 6.454 
WTarm2 739068552 2021-11-17 12:00:08.818037 -0.025 0.909 -0.1 -0.793 0.0 -2.258 95.977 2.477 -42.034 
WTarm1up 739068604 2021-11-17 12:00:08.884659 -0.276 1.011 -0.104 1.099 12.451 -0.549 95.993 12.662 117.603 
WTarm2up 739068612 2021-11-17 12:00:08.914219 -0.281 -1.157 -0.034 0.305 -4.15 4.211 -90.786 15.227 7.097 
WTleg1 739068618 2021-11-17 12:00:08.918208 -0.007 1.002 -0.078 4.272 -5.127 1.038 97.718 1.478 70.675 
WTarm2 739068647 2021-11-17 12:00:08.919205 -0.041 0.911 -0.095 -0.305 -5.798 -4.333 95.889 2.78 -42.1 
WTleg2 739068656 2021-11-17 12:00:08.921228 0.158 0.934 -0.173 -5.92 4.028 2.686 101.272 -8.701 -110.847 
WTleg1 739068680 2021-11-17 12:00:08.922226 0.041 0.994 -0.128 1.77 0.122 5.92 97.872 1.005 70.735 
WTarm2up 739068703 2021-11-17 12:00:08.987697 -0.286 -1.132 -0.014 3.113 0.366 4.7 -90.582 15.59 7.443 
WTarm1up 739068711 2021-11-17 12:00:09.020996 -0.259 1.008 -0.115 1.282 3.723 1.953 96.356 12.629 118.526 
WTarm2 739068749 2021-11-17 12:00:09.023989 -0.083 0.904 -0.081 -1.77 -10.62 -6.775 95.79 3.472 -43.017 
WTleg2 739068765 2021-11-17 12:00:09.027024 0.097 0.923 -0.195 -6.226 2.258 2.502 100.591 -8.965 -110.363 
WTarm1up 739068799 2021-11-17 12:00:09.031014 -0.228 1.02 -0.123 0.732 1.16 2.258 96.537 12.431 118.795 
WTleg1 739068803 2021-11-17 12:00:09.079963 -0.023 0.99 -0.167 1.404 -9.277 7.324 97.701 0.209 70.362 
WTarm2up 739068811 2021-11-17 12:00:09.111179 -0.329 -1.146 0.002 4.883 3.723 4.089 -90.308 15.98 7.273 
WTarm2 739068856 2021-11-17 12:00:09.114171 -0.073 0.916 -0.114 0.916 -3.357 -5.92 95.751 4.213 -43.698 
WTleg1 739068876 2021-11-17 12:00:09.117162 -0.092 0.993 -0.184 4.883 4.822 -1.099 98.124 0.093 69.851 
WTleg2 739068898 2021-11-17 12:00:09.120154 0.152 0.94 -0.153 -5.554 -1.587 -0.183 99.97 -8.932 -110.583 
WTarm2up 739068902 2021-11-17 12:00:09.123146 -0.359 -1.129 0.008 6.714 -2.319 3.418 -89.758 16.364 6.954 
WTarm1up 739068918 2021-11-17 12:00:09.192013 -0.171 1.042 -0.082 1.526 -6.287 3.357 96.542 12.129 118.312 
WTleg2 739068958 2021-11-17 12:00:09.223786 0.192 0.934 -0.157 -4.456 -6.042 3.418 99.58 -9.064 -110.874 
WTarm2 739068962 2021-11-17 12:00:09.226778 -0.085 0.933 -0.108 2.319 0.244 -1.892 96.075 4.614 -43.841 
WTleg1 739068983 2021-11-17 12:00:09.229769 -0.047 0.999 -0.167 10.254 -5.005 -6.531 98.959 0.835 69.675 
WTarm1up 739069011 2021-11-17 12:00:09.293846 -0.176 1.039 -0.109 3.296 9.155 2.808 96.641 11.678 118.4 
WTarm2up 739069020 2021-11-17 12:00:09.330009 -0.32 -1.135 0.005 1.77 -5.798 4.395 -89.176 16.716 7.559 
WTleg2 739069050 2021-11-17 12:00:09.334993 0.275 0.948 -0.129 -7.507 -3.723 13.916 98.987 -10.151 -111.978 
WTarm2 739069055 2021-11-17 12:00:09.338978 -0.048 0.918 -0.125 -2.197 0.0 -1.221 95.993 4.763 -43.797 
WTleg1 739069086 2021-11-17 12:00:09.342972 -0.049 0.983 -0.15 11.841 -7.202 -11.169 100.508 2.137 69.033 
WTarm1up 739069115 2021-11-17 12:00:09.393966 -0.214 1.016 -0.11 4.272 5.798 4.761 97.125 11.146 119.306 
WTarm2up 739069138 2021-11-17 12:00:09.426910 -0.328 -1.116 0.017 -1.709 -2.441 8.545 -89.011 17.281 8.218 
WTarm2 739069155 2021-11-17 12:00:09.428874 -0.098 0.906 -0.074 -9.094 6.714 -1.953 95.471 4.916 -43.352 
WTleg2 739069166 2021-11-17 12:00:09.430866 0.33 0.904 -0.104 -12.512 11.536 25.085 97.85 -12.448 -112.209 
WTleg1 739069190 2021-11-17 12:00:09.431862 0.082 1.008 -0.143 9.46 0.977 -3.662 101.497 2.785 68.747 
WTarm2up 739069199 2021-11-17 12:00:09.433857 -0.361 -1.082 0.006 -4.272 -4.578 9.46 -89.11 18.171 8.674 
WTarm1up 739069251 2021-11-17 12:00:09.495156 -0.213 1.004 -0.134 6.165 6.287 -2.686 97.751 11.047 119.993 
WTleg2 739069255 2021-11-17 12:00:09.527404 0.577 0.967 -0.048 -13.123 22.583 39.246 95.894 -16.249 -111.467 
WTarm2 739069259 2021-11-17 12:00:09.530397 -0.115 0.929 -0.092 -12.939 -3.174 -4.028 93.933 5.136 -43.127 
WTleg1 739069282 2021-11-17 12:00:09.533388 -0.047 0.984 -0.244 1.099 16.418 -3.967 102.03 2.719 69.802 
WTarm1up 739069293 2021-11-17 12:00:09.536394 -0.263 1.046 -0.215 12.268 7.568 -7.324 98.998 11.695 120.789 
WTarm2up 739069304 2021-11-17 12:00:09.539327 -0.373 -1.167 0.065 -9.033 -9.827 14.221 -89.72 19.259 9.371 
WTleg2 739069347 2021-11-17 12:00:09.596371 0.232 1.237 0.003 -24.17 31.677 89.172 92.225 -23.209 -109.374 
WTarm2 739069367 2021-11-17 12:00:09.628444 -0.099 0.929 -0.011 -12.817 -7.141 -4.578 92.802 5.746 -44.154 
WTleg1 739069387 2021-11-17 12:00:09.631438 0.03 1.012 -0.23 5.92 1.282 -6.47 102.426 3.181 70.241 
WTarm1up 739069402 2021-11-17 12:00:09.634429 -0.275 1.012 -0.247 7.385 -36.926 2.869 99.723 12.261 119.07 
WTarm2up 739069408 2021-11-17 12:00:09.638419 -0.32 -1.186 0.019 5.371 30.64 9.216 -89.885 20.264 9.794 
WTleg2 739069454 2021-11-17 12:00:09.689087 0.53 0.984 -0.061 -29.419 3.296 109.497 89.742 -32.778 -110.407 
WTarm2 739069458 2021-11-17 12:00:09.725017 -0.139 0.877 -0.041 -8.545 -2.441 -10.071 92.148 6.394 -44.604 
WTleg1 739069492 2021-11-17 12:00:09.726984 -0.095 0.964 -0.234 5.676 8.24 -8.728 102.975 3.543 70.856 
WTarm2up 739069499 2021-11-17 12:00:09.728010 -0.475 -1.019 -0.047 18.555 34.363 -0.549 -89.797 20.671 5.713 
WTarm1up 739069519 2021-11-17 12:00:09.798793 -0.206 0.987 -0.155 10.071 -27.222 2.625 99.965 12.53 115.225 
WTleg2 739069541 2021-11-17 12:00:09.832754 0.779 1.013 0.085 -34.729 62.012 117.676 83.084 -43.555 -104.442 
WTarm2 739069561 2021-11-17 12:00:09.833752 -0.119 0.919 -0.012 8.362 5.92 -5.737 91.802 7.086 -44.451 
WTleg1 739069585 2021-11-17 12:00:09.835745 0.012 1.043 -0.167 0.854 10.01 -7.324 103.464 4.153 71.801 
WTarm1up 739069593 2021-11-17 12:00:09.836743 -0.197 1.037 -0.231 6.47 -27.1 -1.221 100.179 12.881 112.467 
WTarm2up 739069602 2021-11-17 12:00:09.838738 -0.465 -1.116 -0.016 10.01 -7.629 -13.672 -88.885 20.017 5.054 
WTleg2 739069663 2021-11-17 12:00:09.900415 0.763 0.733 0.165 -41.016 19.47 110.718 70.928 -53.339 -94.246 
WTarm2 739069668 2021-11-17 12:00:09.934541 -0.042 0.973 -0.056 14.648 20.081 -4.639 92.538 7.361 -43.16 
WTleg1 739069684 2021-11-17 12:00:09.936535 -0.25 0.953 -0.321 4.944 36.56 -15.564 103.76 4.411 74.191 
WTarm2up 739069708 2021-11-17 12:00:09.938530 -0.393 -1.126 0.03 19.226 -6.531 -16.357 -87.16 18.616 5.85 
WTarm2 739069756 2021-11-17 12:00:10.008320 -0.206 0.856 0.041 25.269 33.203 -8.667 94.691 7.949 -39.88 
WTleg1 739069776 2021-11-17 12:00:10.041407 -0.065 0.98 -0.244 -1.16 42.847 -22.888 104.738 5.779 78.327 
WTarm1up 739069804 2021-11-17 12:00:10.044420 -0.202 1.047 -0.163 -3.723 -15.686 6.409 99.899 12.821 110.078 
WTleg2 739069827 2021-11-17 12:00:10.105896 0.591 0.531 0.129 -25.146 66.223 75.073 56.646 -59.865 -80.876 
WTarm2up 739069831 2021-11-17 12:00:10.141119 -0.394 -1.105 -0.008 15.93 -15.442 -18.311 -85.177 16.809 6.691 
WTarm1up 739069840 2021-11-17 12:00:10.144068 -0.147 0.979 -0.129 -4.211 -10.193 11.902 98.921 11.953 108.495 
WTleg2 739069845 2021-11-17 12:00:10.147061 0.434 0.313 0.185 -9.766 37.537 11.23 44.138 -58.508 -67.901 
WTarm2 739069859 2021-11-17 12:00:10.150049 -0.171 0.927 -0.088 14.465 15.137 -8.362 96.625 8.965 -38.167 
WTleg1 739069884 2021-11-17 12:00:10.153043 -0.044 0.935 -0.26 4.395 -11.23 -12.207 105.194 7.053 79.799 
WTarm2up 739069902 2021-11-17 12:00:10.157067 -0.356 -1.064 0.111 5.371 -35.522 -6.287 -83.804 15.562 9.135 
WTleg2 739069948 2021-11-17 12:00:10.208784 0.637 0.427 0.25 14.282 -1.099 -36.438 45.511 -56.711 -68.703 
WTarm2 739069964 2021-11-17 12:00:10.242119 -0.179 0.959 -0.097 4.883 -1.77 2.014 97.037 9.503 -37.87 
WTarm1up 739069972 2021-11-17 12:00:10.245162 -0.152 1.025 -0.132 -7.08 22.949 7.568 98.509 10.712 109.254 
WTarm1up 739069986 2021-11-17 12:00:10.248149 -0.151 1.096 -0.161 -9.521 30.029 5.005 98.08 9.624 111.649 
WTleg1 739070031 2021-11-17 12:00:10.313761 -0.068 1.014 -0.211 -0.916 -12.939 -0.549 104.936 7.581 79.255 
WTarm2up 739070037 2021-11-17 12:00:10.350421 -0.292 -1.168 0.117 -11.658 -44.678 10.071 -83.172 15.441 13.612 
WTleg2 739070070 2021-11-17 12:00:10.354411 0.772 0.607 0.25 32.043 -25.696 -80.933 55.975 -52.954 -78.003 
WTarm2 739070075 2021-11-17 12:00:10.359403 -0.145 0.907 -0.083 8.606 -10.498 6.775 97.224 9.152 -38.705 
WTleg1 739070082 2021-11-17 12:00:10.362390 -0.141 0.984 -0.268 -2.014 -18.372 10.132 104.562 7.256 77.822 
WTarm1up 739070091 2021-11-17 12:00:10.366328 -0.203 1.061 -0.184 -19.287 42.358 7.385 97.262 8.503 115.516 
WTleg2 739070144 2021-11-17 12:00:10.411414 0.86 0.677 0.206 57.678 -36.804 -113.464 69.719 -45.439 -88.819 
WTarm2up 739070159 2021-11-17 12:00:10.454260 -0.323 -1.142 0.118 -11.169 -22.766 10.01 -83.535 16.177 16.655 
WTarm2 739070162 2021-11-17 12:00:10.458198 -0.169 0.881 -0.1 -3.54 -18.066 2.869 97.333 8.729 -40.446 
WTleg1 739070181 2021-11-17 12:00:10.463184 -0.066 1.003 -0.294 -11.353 3.662 13.733 104.008 6.438 76.042 
WTarm1up 739070194 2021-11-17 12:00:10.467173 -0.184 1.01 -0.146 -16.602 25.94 7.385 95.938 7.498 118.581 
WTarm2up 739070204 2021-11-17 12:00:10.472160 -0.272 -1.131 0.092 -9.888 2.747 7.507 -84.128 16.617 18.55 
WTarm2 739070265 2021-11-17 12:00:10.513436 -0.181 0.871 -0.081 -18.616 -3.601 4.517 96.389 8.569 -40.589 
WTleg1 739070270 2021-11-17 12:00:10.545412 -0.147 0.969 -0.289 -7.324 -4.211 10.62 103.063 5.043 76.926 
WTarm1up 739070288 2021-11-17 12:00:10.579390 -0.083 1.046 -0.161 -5.127 13.062 -4.089 95.24 7.141 120.114 
WTleg2 739070295 2021-11-17 12:00:10.584387 0.871 0.937 0.137 67.383 -30.884 -128.54 81.936 -34.266 -96.416 
WTarm2up 739070298 2021-11-17 12:00:10.588368 -0.477 -1.174 0.076 0.732 27.222 0.366 -84.814 17.243 16.496 
WTarm2 739070371 2021-11-17 12:00:10.615081 -0.201 0.83 -0.042 -9.277 -5.981 11.292 95.85 8.135 -40.952 
WTleg1 739070376 2021-11-17 12:00:10.620057 -0.014 0.996 -0.188 -4.883 -25.94 12.634 102.437 4.257 75.064 
WTarm1up 739070387 2021-11-17 12:00:10.624088 -0.153 1.049 -0.146 3.052 29.358 -8.789 95.68 7.531 122.228 
WTarm2up 739070414 2021-11-17 12:00:10.629075 -0.355 -1.134 0.072 -3.845 4.15 2.136 -85.023 17.485 15.881 
WTleg2 739070428 2021-11-17 12:00:10.633074 0.47 1.074 -0.011 67.444 -70.74 -106.079 92.093 -22.231 -101.113 
WTleg2 739070442 2021-11-17 12:00:10.708249 0.462 1.263 -0.021 26.184 -111.633 -73.486 99.207 -12.14 -107.82 
WTarm2 739070460 2021-11-17 12:00:10.738457 -0.09 0.94 -0.178 2.319 -15.198 21.484 96.916 6.894 -42.424 
WTarm1up 739070495 2021-11-17 12:00:10.740452 -0.207 1.016 -0.167 10.193 -22.4 -3.479 96.372 8.091 123.81 
WTleg1 739070499 2021-11-17 12:00:10.742446 0.028 1.008 -0.293 -2.014 -28.625 15.015 101.86 3.389 72.257 
WTarm2up 739070506 2021-11-17 12:00:10.744441 -0.35 -1.164 0.07 -19.47 -18.982 4.028 -85.573 17.682 17.084 
WTleg2 739070563 2021-11-17 12:00:10.819268 0.535 0.891 -0.291 9.521 47.119 1.77 98.877 -9.998 -115.302 
WTarm2 739070567 2021-11-17 12:00:10.852084 -0.061 0.905 -0.177 1.953 -46.448 6.165 98.306 6.427 -45.247 
WTarm2up 739070593 2021-11-17 12:00:10.856124 -0.165 -1.078 0.14 -13.245 -22.583 5.798 -86.05 17.485 21.149 
WTarm1up 739070599 2021-11-17 12:00:10.861101 -0.341 1.004 -0.049 4.761 -40.405 10.986 96.932 8.443 120.707 
WTleg1 739070606 2021-11-17 12:00:10.865091 -0.101 0.971 -0.217 -2.502 -18.188 1.526 101.404 2.802 70.466 
WTleg2 739070668 2021-11-17 12:00:10.913891 0.316 0.953 -0.085 -5.615 -23.376 6.104 99.415 -10.448 -114.351 
WTarm2 739070672 2021-11-17 12:00:10.946312 -0.039 0.943 -0.087 -5.981 6.287 4.944 97.734 5.186 -45.67 
WTarm1up 739070691 2021-11-17 12:00:10.950301 0.002 1.065 -0.122 12.085 -83.618 0.122 96.191 8.657 113.445 
WTleg1 739070694 2021-11-17 12:00:10.954292 -0.074 0.987 -0.184 -3.174 3.784 -0.061 101.008 3.126 69.681 
WTarm2up 739070697 2021-11-17 12:00:10.958277 -0.306 -1.198 -0.031 7.263 61.829 -0.916 -87.281 17.518 18.875 
WTleg1 739070767 2021-11-17 12:00:11.035158 -0.08 0.979 -0.173 -1.526 -4.944 0.977 100.739 3.153 70.005 
WTleg2 739070772 2021-11-17 12:00:11.065076 0.211 0.935 -0.186 7.935 22.217 6.165 99.575 -11.36 -113.895 
WTarm2 739070775 2021-11-17 12:00:11.067101 -0.032 0.902 -0.08 -4.639 -4.15 4.456 97.075 4.752 -46.016 
WTarm2up 739070803 2021-11-17 12:00:11.069065 -0.48 -1.08 -0.009 7.935 31.372 -9.827 -87.814 17.205 13.074 
WTarm1up 739070809 2021-11-17 12:00:11.071060 -0.175 1.055 -0.004 1.77 3.052 -6.47 96.46 9.036 109.929 
WTleg2 739070847 2021-11-17 12:00:11.129903 0.168 0.94 -0.152 1.282 -3.357 2.075 99.805 -11.876 -112.967 
WTarm2 739070865 2021-11-17 12:00:11.163811 -0.054 0.916 -0.113 -5.188 1.343 0.671 96.592 4.493 -46.143 
WTleg1 739070873 2021-11-17 12:00:11.164809 -0.064 0.988 -0.184 -2.38 7.446 0.0 100.569 3.12 69.901 
WTarm1up 739070884 2021-11-17 12:00:11.166803 -0.159 1.027 -0.127 -3.54 12.085 -6.47 96.18 9.608 110.891 
WTarm2up 739070925 2021-11-17 12:00:11.167801 -0.353 -1.155 0.013 2.747 7.385 -4.333 -88.028 16.754 11.673 
WTarm2 739070970 2021-11-17 12:00:11.233625 -0.067 0.91 -0.103 -3.662 2.441 0.427 96.229 4.323 -45.923 
WTarm1up 739070976 2021-11-17 12:00:11.265540 -0.197 1.037 -0.095 -2.991 9.094 -3.54 96.092 10.036 111.945 
WTleg1 739070980 2021-11-17 12:00:11.267534 -0.058 0.993 -0.178 0.671 -3.296 -0.732 100.574 3.252 69.851 
WTleg2 739070984 2021-11-17 12:00:11.268533 0.225 0.934 -0.177 0.916 2.686 -0.183 99.959 -11.937 -112.89 
WTarm2up 739071045 2021-11-17 12:00:11.322387 -0.355 -1.113 0.0 -0.732 6.531 0.61 -88.16 16.611 10.756 
WTleg1 739071081 2021-11-17 12:00:11.363278 -0.052 0.988 -0.175 0.427 0.0 0.0 100.536 3.274 69.758 
WTleg2 739071087 2021-11-17 12:00:11.364277 0.25 0.931 -0.163 -0.061 -3.235 0.549 100.031 -12.003 -112.983 
WTarm2 739071091 2021-11-17 12:00:11.366269 -0.038 0.912 -0.099 -3.113 2.319 0.305 95.927 4.224 -45.709 
WTarm1up 739071099 2021-11-17 12:00:11.367267 -0.215 1.019 -0.112 0.061 6.165 -2.075 96.031 10.239 112.906 
WTarm2up 739071107 2021-11-17 12:00:11.369289 -0.35 -1.129 0.001 -10.681 -15.869 4.028 -88.786 17.018 11.552 
WTarm2 739071166 2021-11-17 12:00:11.432356 -0.036 0.912 -0.095 -2.991 7.08 0.488 95.641 3.994 -45.137 
WTarm1up 739071170 2021-11-17 12:00:11.464286 -0.201 1.038 -0.086 2.808 -1.77 -1.831 96.224 10.475 113.027 
WTleg1 739071190 2021-11-17 12:00:11.466261 -0.066 0.986 -0.15 2.441 -1.892 -0.916 100.646 3.34 69.763 
WTleg2 739071194 2021-11-17 12:00:11.468255 0.204 0.931 -0.178 -1.77 -0.977 -1.953 100.025 -12.047 -112.775 
WTarm2up 739071198 2021-11-17 12:00:11.469253 -0.314 -1.136 0.0 -5.981 -6.775 2.319 -89.28 17.238 12.909 
WTleg2 739071268 2021-11-17 12:00:11.532084 0.278 0.932 -0.179 -3.845 -3.723 0.916 99.866 -12.079 -112.994 
WTarm2 739071270 2021-11-17 12:00:11.562005 -0.018 0.917 -0.108 -2.93 6.836 -0.916 95.499 3.856 -44.357 
WTarm1up 739071274 2021-11-17 12:00:11.564012 -0.227 1.023 -0.083 0.0 5.859 -1.587 96.323 10.679 113.406 
WTleg1 739071277 2021-11-17 12:00:11.564997 -0.104 0.98 -0.194 4.639 0.732 -3.052 101.003 3.576 69.714 
WTarm2up 739071297 2021-11-17 12:00:11.566992 -0.3 -1.147 -0.007 -0.793 -3.113 0.732 -89.467 17.216 13.53 
WTleg1 739071363 2021-11-17 12:00:11.637038 -0.077 0.981 -0.119 4.761 -5.615 -6.592 101.508 4.191 69.763 
WTarm2 739071374 2021-11-17 12:00:11.669160 -0.048 0.904 -0.143 -3.54 5.371 -5.249 95.306 3.922 -43.418 
WTleg2 739071400 2021-11-17 12:00:11.671155 0.535 0.906 -0.141 -9.521 5.371 17.639 99.113 -13.26 -113.621 
WTarm1up 739071407 2021-11-17 12:00:11.672153 -0.214 1.017 -0.069 0.854 1.16 0.427 96.262 10.767 113.857 
WTarm2up 739071416 2021-11-17 12:00:11.674148 -0.314 -1.155 0.0 -0.488 -6.042 3.113 -89.434 17.281 13.986 
WTleg2 739071478 2021-11-17 12:00:11.732802 0.682 1.182 0.23 -32.043 88.806 69.885 95.235 -19.671 -112.489 
WTarm2 739071482 2021-11-17 12:00:11.764158 -0.16 0.96 -0.08 -0.549 -12.756 -3.54 96.224 4.757 -44.0 
WTarm1up 739071485 2021-11-17 12:00:11.768114 -0.208 0.971 -0.082 -0.244 -0.793 3.479 96.273 10.657 113.939 
WTleg1 739071488 2021-11-17 12:00:11.772129 -0.073 0.995 -0.227 2.93 7.568 -5.615 101.404 4.504 70.439 
WTarm2up 739071496 2021-11-17 12:00:11.776096 -0.31 -1.075 0.09 -4.578 -27.405 7.263 -88.874 17.693 15.809 
WTleg2 739071567 2021-11-17 12:00:11.831874 0.615 1.104 -0.159 -32.776 -30.823 113.403 92.763 -29.004 -114.521 
WTarm2 739071572 2021-11-17 12:00:11.864546 -0.125 0.958 -0.145 -4.456 -2.502 -10.559 94.828 5.07 -44.154 
WTleg1 739071592 2021-11-17 12:00:11.868535 -0.118 0.968 -0.255 1.038 15.381 -8.24 102.09 4.999 70.796 
WTarm2up 739071599 2021-11-17 12:00:11.873524 -0.363 -1.203 0.077 15.503 31.372 6.47 -88.627 18.16 15.677 
WTarm1up 739071619 2021-11-17 12:00:11.877511 -0.203 1.142 -0.183 3.54 -25.879 4.639 96.279 10.415 111.967 
WTleg2 739071657 2021-11-17 12:00:11.936592 0.681 0.973 0.071 -39.795 91.248 131.226 85.759 -41.171 -108.281 
WTleg1 739071664 2021-11-17 12:00:11.968883 -0.033 0.98 -0.2 -1.343 17.822 -8.789 102.261 5.565 73.334 
WTarm2 739071675 2021-11-17 12:00:11.971865 -0.106 0.897 0.01 1.099 8.972 -10.864 93.494 6.328 -44.039 
WTarm2up 739071708 2021-11-17 12:00:11.973859 -0.407 -1.055 -0.036 18.433 29.724 1.892 -87.935 19.001 12.129 
WTarm1up 739071712 2021-11-17 12:00:11.976818 -0.178 0.937 -0.154 2.869 -24.963 12.329 96.24 9.657 109.616 
WTleg2 739071764 2021-11-17 12:00:12.046436 0.65 0.768 0.07 -50.171 21.912 123.718 71.906 -51.976 -94.543 
WTleg1 739071769 2021-11-17 12:00:12.078422 -0.167 1.003 -0.227 6.287 -11.475 -2.563 102.728 6.207 72.318 
WTarm2 739071779 2021-11-17 12:00:12.080381 -0.079 0.942 0.006 -3.906 8.972 -7.385 93.224 7.229 -43.275 
WTarm2up 739071793 2021-11-17 12:00:12.081380 -0.495 -1.074 0.038 12.024 11.475 -6.104 -87.209 18.891 9.844 
WTarm1up 739071845 2021-11-17 12:00:12.082377 -0.095 1.064 -0.158 10.681 -17.578 2.136 96.855 9.207 106.512 
WTarm1up 739071858 2021-11-17 12:00:12.084370 -0.187 1.093 -0.118 5.188 -1.648 -2.197 97.592 9.305 106.155 
WTleg1 739071863 2021-11-17 12:00:12.141170 -0.189 0.977 -0.216 1.892 14.526 0.061 103.024 6.268 73.405 
WTarm2 739071867 2021-11-17 12:00:12.173782 -0.157 0.915 -0.021 -0.427 11.414 -4.395 92.939 7.685 -41.737 
WTleg2 739071897 2021-11-17 12:00:12.178802 0.792 0.494 0.091 -37.231 55.786 80.505 58.074 -60.304 -82.936 
WTarm2up 739071929 2021-11-17 12:00:12.183755 -0.37 -1.074 0.019 4.578 5.981 -11.292 -86.902 18.188 8.8 
WTleg2 739071958 2021-11-17 12:00:12.187775 0.485 0.28 0.125 -19.348 35.217 28.442 43.698 -61.111 -68.714 
WTleg1 739071966 2021-11-17 12:00:12.239838 -0.069 0.985 -0.177 8.667 -1.892 -4.333 103.782 6.581 72.834 
WTarm2 739071973 2021-11-17 12:00:12.270254 -0.118 0.891 -0.046 -2.441 13.733 -4.272 92.697 8.026 -40.71 
WTarm1up 739071992 2021-11-17 12:00:12.273246 -0.223 1.037 -0.158 -6.775 2.441 -1.16 97.421 9.459 106.287 
WTarm2up 739072002 2021-11-17 12:00:12.275273 -0.315 -1.127 0.035 -6.958 -2.014 -12.634 -87.297 16.946 8.822 
WTleg1 739072073 2021-11-17 12:00:12.342941 -0.089 0.98 -0.214 -0.244 -1.648 -1.221 103.821 6.68 73.922 
WTleg2 739072076 2021-11-17 12:00:12.376563 0.564 0.412 0.223 9.155 13.428 -31.433 42.171 -58.376 -66.665 
WTarm2up 739072094 2021-11-17 12:00:12.380503 -0.394 -1.15 0.017 -9.033 1.648 -8.728 -88.22 15.892 8.295 
WTarm2 739072097 2021-11-17 12:00:12.383543 -0.198 0.898 -0.004 5.737 -2.197 5.249 92.499 8.234 -40.259 
WTarm1up 739072159 2021-11-17 12:00:12.387481 -0.143 1.049 -0.092 -10.315 -4.089 -8.179 96.427 10.08 105.694 
WTarm2 739072168 2021-11-17 12:00:12.452034 -0.08 0.924 -0.068 12.329 -9.338 11.292 93.164 7.35 -41.336 
WTleg1 739072178 2021-11-17 12:00:12.483778 -0.107 0.973 -0.231 -1.404 -15.198 4.822 103.513 6.537 72.57 
WTleg2 739072184 2021-11-17 12:00:12.486767 0.852 0.548 0.269 26.123 -33.813 -69.58 52.383 -55.789 -76.163 
WTarm1up 739072186 2021-11-17 12:00:12.489783 -0.214 1.048 -0.144 -16.907 29.968 -10.742 95.482 10.794 107.672 
WTarm2up 739072211 2021-11-17 12:00:12.491788 -0.327 -1.145 0.028 -8.911 -11.841 -6.592 -88.989 15.32 8.932 
WTleg1 739072267 2021-11-17 12:00:12.493783 -0.031 1.029 -0.156 -6.287 -13.367 4.456 103.013 6.504 71.06 
WTarm1up 739072278 2021-11-17 12:00:12.552257 -0.203 1.045 -0.089 -13.367 5.31 -2.869 94.318 11.31 109.138 
WTleg2 739072286 2021-11-17 12:00:12.583823 1.09 0.662 0.194 31.921 -40.527 -96.13 65.775 -49.889 -87.523 
WTarm2 739072288 2021-11-17 12:00:12.588851 -0.168 0.886 0.008 0.793 -3.479 6.958 93.669 6.493 -41.968 
WTarm2up 739072303 2021-11-17 12:00:12.591842 -0.315 -1.167 -0.013 -3.235 8.972 -8.85 -89.539 14.442 8.943 
WTleg2 739072364 2021-11-17 12:00:12.595832 0.698 0.837 0.115 61.951 -44.739 -124.39 77.712 -39.529 -94.9 
WTarm2 739072380 2021-11-17 12:00:12.650166 -0.132 0.789 0.004 -12.024 10.132 6.958 93.395 6.01 -41.605 
WTarm1up 739072384 2021-11-17 12:00:12.680904 -0.215 1.004 -0.117 -14.832 31.921 -4.089 93.466 11.503 111.412 
WTleg1 739072388 2021-11-17 12:00:12.682898 -0.09 1.012 -0.182 -17.822 16.907 8.484 101.849 5.466 71.296 
WTarm2up 739072396 2021-11-17 12:00:12.683896 -0.35 -1.128 -0.009 1.404 22.888 -8.179 -89.874 13.629 7.07 
WTleg1 739072462 2021-11-17 12:00:12.685890 -0.084 1.013 -0.175 -18.25 11.536 12.512 100.558 4.318 72.263 
WTarm1up 739072476 2021-11-17 12:00:12.750710 -0.21 0.993 -0.132 -11.23 21.545 -3.296 93.027 11.788 113.95 
WTarm2 739072483 2021-11-17 12:00:12.785758 -0.246 0.825 -0.062 20.203 2.563 13.611 94.796 5.702 -40.605 
WTleg2 739072498 2021-11-17 12:00:12.789744 0.552 1.066 0.046 72.876 -44.556 -132.812 88.929 -26.428 -100.179 
WTarm2up 739072502 2021-11-17 12:00:12.794731 -0.38 -1.138 -0.021 -3.357 -5.798 -3.906 -89.929 13.266 5.696 
WTleg1 739072566 2021-11-17 12:00:12.798720 -0.124 0.995 -0.275 -7.202 -26.611 11.658 99.465 3.356 70.988 
WTarm2 739072577 2021-11-17 12:00:12.851917 -0.023 0.969 -0.201 14.16 -5.127 18.25 97.509 4.191 -40.93 
WTarm1up 739072581 2021-11-17 12:00:12.890802 -0.314 0.96 -0.098 -15.625 7.446 2.258 92.494 11.997 115.834 
WTleg2 739072585 2021-11-17 12:00:12.895754 0.069 1.523 0.145 27.1 -89.844 -92.468 97.191 -14.073 -104.557 
WTarm2up 739072588 2021-11-17 12:00:12.899794 -0.201 -1.187 0.082 -11.597 -35.828 -0.977 -89.626 13.019 8.624 
WTarm1up 739072655 2021-11-17 12:00:12.904785 -0.225 1.036 0.055 -1.221 -35.583 11.719 91.187 11.53 112.912 
WTleg2 739072661 2021-11-17 12:00:12.908770 0.599 0.786 -0.178 12.878 -48.584 -32.715 99.8 -9.174 -112.522 
WTleg1 739072669 2021-11-17 12:00:12.913705 -0.08 0.992 -0.056 -12.573 -10.742 0.61 98.619 2.983 68.95 
WTarm2 739072679 2021-11-17 12:00:12.962288 -0.038 0.885 -0.248 15.625 -34.241 12.085 99.481 3.126 -42.797 
WTarm2up 739072694 2021-11-17 12:00:12.993100 -0.125 -1.126 0.041 -12.573 -36.56 0.671 -89.951 12.48 12.206 
WTarm1up 739072761 2021-11-17 12:00:12.995092 -0.125 0.981 0.036 -2.075 -44.556 12.573 89.786 10.223 109.276 
WTleg1 739072766 2021-11-17 12:00:12.997119 -0.109 0.965 -0.128 -7.874 -10.437 3.174 97.18 2.873 67.61 
WTleg2 739072781 2021-11-17 12:00:13.052319 0.39 0.976 -0.16 2.075 -13.672 -3.296 101.113 -8.58 -116.911 
WTarm2 739072786 2021-11-17 12:00:13.083714 0.126 0.953 -0.174 -4.761 -4.761 10.437 100.157 1.675 -43.89 
WTarm2up 739072798 2021-11-17 12:00:13.087702 -0.178 -1.2 -0.029 0.061 -0.244 -8.179 -90.192 11.893 14.381 
WTleg2 739072873 2021-11-17 12:00:13.090696 0.228 0.941 -0.208 6.165 -1.77 0.61 102.025 -8.52 -116.169 
WTarm1up 739072878 2021-11-17 12:00:13.166127 -0.185 1.138 0.153 0.977 -13.855 2.563 89.467 9.19 106.133 
WTleg1 739072882 2021-11-17 12:00:13.200105 -0.079 1.0 -0.119 -6.958 3.235 -2.075 96.378 3.241 67.555 
WTarm2up 739072886 2021-11-17 12:00:13.203096 -0.225 -1.143 -0.07 12.695 27.954 -11.108 -89.819 10.794 12.585 
WTarm2 739072903 2021-11-17 12:00:13.205090 0.021 0.924 -0.154 3.784 2.197 2.014 99.976 0.851 -43.94 
WTleg2 739072963 2021-11-17 12:00:13.207085 0.197 0.926 -0.233 6.165 1.648 -0.366 102.612 -8.904 -116.455 
WTarm1up 739072968 2021-11-17 12:00:13.210076 -0.163 0.993 0.026 -4.883 18.555 -6.714 88.709 9.52 107.144 
WTleg1 739072971 2021-11-17 12:00:13.212071 -0.062 0.998 -0.074 -3.784 4.761 -0.183 95.757 3.312 68.082 
WTarm2 739072980 2021-11-17 12:00:13.257143 0.05 0.901 -0.15 -4.517 3.723 1.587 99.69 0.505 -43.583 
WTarm2up 739072995 2021-11-17 12:00:13.290172 -0.246 -1.177 -0.016 4.456 2.563 -2.686 -89.368 10.272 10.816 
WTarm1up 739073044 2021-11-17 12:00:13.294162 -0.221 1.043 0.03 3.174 6.042 -2.686 88.918 10.058 108.375 
WTleg2 739073067 2021-11-17 12:00:13.299148 0.172 0.925 -0.224 3.357 6.775 -0.244 103.09 -8.965 -115.637 
WTarm2 739073084 2021-11-17 12:00:13.363204 0.019 0.896 -0.16 -3.235 5.981 -0.061 99.234 0.231 -42.896 
WTleg1 739073091 2021-11-17 12:00:13.400154 -0.044 0.995 -0.081 -3.723 9.766 -0.061 95.312 3.164 69.033 
WTarm2up 739073099 2021-11-17 12:00:13.404186 -0.206 -1.159 -0.016 3.174 7.507 0.0 -89.088 10.184 10.256 
WTarm1up 739073150 2021-11-17 12:00:13.407183 -0.21 1.029 0.025 1.282 6.104 -2.686 89.242 10.475 108.973 
WTleg1 739073165 2021-11-17 12:00:13.411124 -0.029 1.007 -0.067 -2.075 0.793 0.671 95.032 3.093 69.527 
WTleg2 739073170 2021-11-17 12:00:13.415164 0.157 0.914 -0.243 1.892 1.404 -1.038 103.354 -9.025 -115.06 
WTarm2 739073189 2021-11-17 12:00:13.465758 0.018 0.894 -0.149 -1.282 4.7 -0.427 99.119 0.17 -42.501 
WTarm2up 739073202 2021-11-17 12:00:13.497571 -0.233 -1.152 -0.021 -7.507 -9.033 3.052 -89.467 10.432 10.107 
WTarm1up 739073285 2021-11-17 12:00:13.564154 -0.208 1.037 0.018 1.465 6.226 -1.099 89.456 10.684 109.539 
WTleg1 739073289 2021-11-17 12:00:13.593640 -0.055 1.002 -0.078 -1.099 3.54 0.488 94.856 2.988 69.966 
WTleg2 739073298 2021-11-17 12:00:13.595596 0.172 0.925 -0.245 1.099 0.977 -0.977 103.53 -8.976 -114.714 
WTarm2up 739073301 2021-11-17 12:00:13.598631 -0.209 -1.17 -0.001 -7.202 -8.85 2.441 -90.137 10.701 11.091 
WTarm2 739073304 2021-11-17 12:00:13.601624 0.021 0.912 -0.163 -0.366 3.052 -0.366 99.141 0.099 -42.094 
WTarm1up 739073345 2021-11-17 12:00:13.605576 -0.208 1.035 0.018 0.61 4.211 -0.916 89.599 10.822 110.034 
WTleg1 739073365 2021-11-17 12:00:13.608567 -0.052 1.006 -0.069 0.0 2.625 0.305 94.807 2.966 70.28 
WTleg2 739073385 2021-11-17 12:00:13.666809 0.171 0.925 -0.244 -0.122 1.648 -0.854 103.557 -8.987 -114.549 
WTarm2 739073388 2021-11-17 12:00:13.700899 0.021 0.904 -0.148 -1.038 2.625 -0.549 99.042 0.022 -41.721 
WTarm2up 739073399 2021-11-17 12:00:13.703888 -0.198 -1.175 -0.01 0.793 -1.526 0.977 -90.363 10.844 11.64 
WTarm1up 739073450 2021-11-17 12:00:13.705883 -0.218 1.035 0.014 0.671 4.822 -0.427 89.714 10.942 110.528 
WTleg1 739073484 2021-11-17 12:00:13.767408 -0.064 0.999 -0.064 1.953 1.343 0.244 94.889 2.928 70.593 
WTleg2 739073490 2021-11-17 12:00:13.798305 0.169 0.927 -0.237 -2.075 -1.099 0.0 103.513 -9.025 -114.445 
WTarm2up 739073495 2021-11-17 12:00:13.802309 -0.221 -1.163 -0.021 3.296 2.869 0.916 -90.126 10.876 11.294 
WTarm2 739073503 2021-11-17 12:00:13.806298 0.025 0.906 -0.146 -1.282 2.319 -1.221 98.904 0.016 -41.407 
WTarm1up 739073555 2021-11-17 12:00:13.810288 -0.221 1.021 0.017 2.319 3.296 -0.061 89.868 11.036 110.956 
WTleg1 739073560 2021-11-17 12:00:13.814278 -0.046 1.002 -0.075 2.38 1.526 1.465 95.098 2.873 70.818 
WTleg2 739073576 2021-11-17 12:00:13.818220 0.167 0.921 -0.239 -3.418 0.244 1.648 103.37 -9.152 -114.379 
WTarm2 739073586 2021-11-17 12:00:13.870226 0.018 0.906 -0.136 -2.136 -1.77 -2.686 98.767 0.132 -41.309 
WTarm2up 739073591 2021-11-17 12:00:13.902459 -0.213 -1.168 -0.022 1.099 -1.465 1.892 -89.989 10.975 11.201 
WTarm1up 739073645 2021-11-17 12:00:13.906501 -0.227 1.023 0.011 4.272 2.563 0.977 90.209 11.069 111.302 
WTleg1 739073660 2021-11-17 12:00:13.910490 -0.046 0.996 -0.086 5.371 -2.808 2.319 95.433 2.703 70.818 
WTleg2 739073668 2021-11-17 12:00:13.914427 0.187 0.919 -0.239 -3.174 -2.563 1.343 103.123 -9.245 -114.467 
WTarm2up 739073684 2021-11-17 12:00:13.918419 -0.222 -1.167 -0.019 1.038 -0.549 4.761 -89.967 11.321 11.305 
WTarm2 739073688 2021-11-17 12:00:13.971420 0.012 0.906 -0.139 -1.343 -3.357 -4.15 98.597 0.396 -41.396 
WTarm1up 739073751 2021-11-17 12:00:14.002587 -0.199 1.025 0.012 5.615 2.441 1.587 90.676 10.981 111.528 
WTleg1 739073766 2021-11-17 12:00:14.004570 -0.073 0.991 -0.103 7.69 -1.892 1.221 96.031 2.598 70.653 
WTleg2 739073770 2021-11-17 12:00:14.007531 0.203 0.922 -0.213 -5.554 -1.16 3.174 102.673 -9.564 -114.489 
WTarm2up 739073787 2021-11-17 12:00:14.009557 -0.225 -1.173 -0.011 3.357 -0.488 6.531 -89.786 11.854 11.354 
WTarm2 739073790 2021-11-17 12:00:14.074257 0.005 0.91 -0.142 -3.967 -3.174 -5.249 98.399 0.818 -41.523 
WTarm1up 739073841 2021-11-17 12:00:14.104968 -0.17 1.023 0.02 6.531 24.353 0.854 91.439 10.712 112.917 
WTleg1 739073856 2021-11-17 12:00:14.107959 -0.064 0.994 -0.124 8.972 -4.15 0.793 96.823 2.582 70.312 
WTleg2 739073892 2021-11-17 12:00:14.173065 0.312 0.923 -0.176 -7.141 -0.122 10.254 102.178 -10.382 -114.911 
WTarm2up 739073897 2021-11-17 12:00:14.203983 -0.259 -1.176 -0.026 6.165 -2.502 7.141 -89.346 12.513 11.415 
WTarm2 739073901 2021-11-17 12:00:14.206976 -0.006 0.925 -0.141 -2.808 -2.808 -7.874 97.943 1.412 -41.649 
WTarm1up 739073960 2021-11-17 12:00:14.208970 -0.243 1.005 -0.036 8.789 20.081 2.502 92.598 10.607 115.686 
WTleg2 739073965 2021-11-17 12:00:14.210966 0.661 0.915 -0.135 -13.977 15.015 33.63 100.876 -13.063 -115.801 
WTleg1 739073973 2021-11-17 12:00:14.212959 -0.062 0.991 -0.149 10.376 -10.132 -1.709 97.795 2.889 69.362 
WTarm2up 739073983 2021-11-17 12:00:14.215918 -0.254 -1.173 0.027 4.028 -3.418 16.296 -88.797 13.524 11.871 
WTarm2 739073988 2021-11-17 12:00:14.217946 -0.045 0.895 -0.21 0.427 -3.662 -13.55 97.872 2.401 -41.446 
WTarm1up 739074036 2021-11-17 12:00:14.277594 -0.209 1.019 -0.047 16.418 -4.822 4.089 94.054 10.349 116.318 
WTleg1 739074080 2021-11-17 12:00:14.309215 0.013 0.997 -0.144 5.127 0.671 -8.911 98.476 3.367 69.296 
WTarm2up 739074087 2021-11-17 12:00:14.313243 -0.252 -1.058 0.124 0.122 -24.17 19.226 -88.149 15.315 13.2 
WTarm2 739074089 2021-11-17 12:00:14.317232 -0.132 0.88 -0.044 -22.827 -13.184 -2.258 97.597 3.906 -42.534 
WTleg2 739074101 2021-11-17 12:00:14.378766 0.154 1.427 0.243 -48.828 55.359 98.267 94.488 -21.929 -112.681 
WTarm1up 739074140 2021-11-17 12:00:14.411676 -0.129 1.026 -0.188 10.01 -20.569 1.282 95.087 9.932 115.087 
WTleg1 739074155 2021-11-17 12:00:14.415666 -0.154 0.972 -0.307 9.888 -3.174 -2.319 99.882 3.9 69.115 
WTleg2 739074177 2021-11-17 12:00:14.420652 0.511 1.038 -0.194 -32.532 -48.462 124.146 92.357 -32.706 -115.318 
WTarm2up 739074193 2021-11-17 12:00:14.425640 -0.386 -1.272 0.091 14.587 31.921 4.578 -87.676 16.589 13.585 
WTarm2 739074198 2021-11-17 12:00:14.630640 -0.085 0.913 -0.205 -20.63 -14.954 -17.517 95.944 4.543 -43.528 
WTarm1up 739074261 2021-11-17 12:00:14.660241 -0.251 1.096 -0.097 8.728 -7.446 3.54 96.405 10.036 113.115 
WTleg1 739074264 2021-11-17 12:00:14.662240 -0.001 1.015 -0.111 11.108 0.305 -16.113 101.146 5.021 68.428 
WTleg2 739074287 2021-11-17 12:00:14.664235 0.654 0.825 0.098 -30.334 96.619 108.093 85.018 -43.407 -107.765 
WTarm2up 739074294 2021-11-17 12:00:14.665232 -0.373 -0.955 -0.004 15.137 17.029 -5.798 -86.484 17.056 10.289 
WTarm2 739074305 2021-11-17 12:00:14.666257 -0.095 0.885 0.011 3.418 16.602 -11.841 94.301 5.96 -43.319 
WTarm1up 739074336 2021-11-17 12:00:14.668255 -0.085 1.094 -0.192 -7.263 -44.434 -0.427 95.559 9.965 109.951 
WTleg1 739074366 2021-11-17 12:00:14.669250 -0.128 0.976 -0.242 3.113 13.245 -9.155 101.849 5.845 70.109 
WTarm2up 739074388 2021-11-17 12:00:14.671244 -0.525 -1.149 0.068 5.615 1.343 -17.09 -85.984 16.293 8.828 
WTarm2 739074393 2021-11-17 12:00:14.672242 -0.13 0.957 -0.048 3.418 14.282 -1.709 94.592 6.284 -41.995 
WTleg2 739074418 2021-11-17 12:00:14.689706 0.956 0.785 0.188 -58.838 20.691 107.422 68.945 -51.855 -91.736 
WTarm1up 739074455 2021-11-17 12:00:14.692716 -0.154 1.123 -0.1 -15.808 9.644 -7.935 94.438 10.349 108.116 
WTleg1 739074459 2021-11-17 12:00:14.694730 -0.075 0.991 -0.209 1.282 19.836 -6.165 102.211 6.262 71.307 
WTleg2 739074477 2021-11-17 12:00:14.695694 0.536 0.469 0.073 -32.959 40.771 67.688 55.563 -57.942 -80.771 
WTarm2up 739074493 2021-11-17 12:00:14.697716 -0.325 -1.123 0.031 -5.188 -22.705 -17.09 -85.842 14.579 9.789 
WTarm2 739074498 2021-11-17 12:00:14.698685 -0.15 0.852 -0.034 15.808 19.226 3.296 95.658 6.312 -40.655 
WTarm1up 739074546 2021-11-17 12:00:14.784399 -0.198 0.989 -0.086 -32.043 7.568 -3.235 92.06 10.794 109.078 
WTleg1 739074561 2021-11-17 12:00:14.817748 -0.19 0.951 -0.213 0.549 13.489 -5.432 102.332 6.367 73.515 
WTleg2 739074583 2021-11-17 12:00:14.820785 0.531 0.341 0.21 -4.333 16.113 12.024 46.994 -58.074 -71.57 
WTarm2up 739074587 2021-11-17 12:00:14.823782 -0.333 -1.098 0.065 -8.484 -7.08 -5.066 -86.232 13.288 10.844 
WTarm2 739074598 2021-11-17 12:00:14.826770 -0.146 0.879 -0.106 -1.099 15.869 7.202 96.559 5.861 -39.051 
WTarm1up 739074635 2021-11-17 12:00:14.885008 -0.095 0.96 -0.035 -16.907 12.634 -8.118 89.885 11.091 109.775 
WTleg1 739074667 2021-11-17 12:00:14.924078 -0.119 0.977 -0.271 -4.883 4.7 -5.615 102.288 6.954 73.867 
WTleg2 739074688 2021-11-17 12:00:14.928028 0.855 0.465 0.315 9.155 2.991 -56.396 50.01 -55.717 -74.471 
WTarm2up 739074690 2021-11-17 12:00:14.933057 -0.303 -1.185 0.062 -20.935 -26.55 3.967 -87.072 13.354 13.052 
WTarm2 739074707 2021-11-17 12:00:14.988756 -0.183 0.936 -0.08 -4.7 10.498 6.775 96.196 5.18 -37.87 
WTarm1up 739074722 2021-11-17 12:00:15.023180 -0.195 1.096 -0.027 -9.888 38.696 -6.897 89.522 11.805 112.154 
WTleg1 739074773 2021-11-17 12:00:15.025208 -0.052 1.004 -0.244 -13.916 0.122 0.061 101.481 7.009 73.834 
WTleg2 739074780 2021-11-17 12:00:15.027203 0.714 0.502 0.258 36.194 -46.021 -93.872 61.419 -50.427 -85.49 
WTarm2up 739074793 2021-11-17 12:00:15.030194 -0.306 -1.185 0.044 -13.611 -17.09 0.977 -88.187 13.541 15.447 
WTarm2 739074798 2021-11-17 12:00:15.032191 -0.17 0.923 0.037 -9.216 16.724 -2.869 95.312 5.367 -37.15 
WTarm1up 739074830 2021-11-17 12:00:15.088180 -0.213 1.011 -0.106 -13.306 45.959 -1.465 89.5 12.079 116.043 
WTleg1 739074862 2021-11-17 12:00:15.123909 -0.138 0.995 -0.18 -27.161 15.564 7.202 99.564 6.29 74.696 
WTarm2up 739074885 2021-11-17 12:00:15.126899 -0.347 -1.063 0.049 -6.897 3.662 -0.061 -88.967 13.7 15.765 
WTarm2 739074901 2021-11-17 12:00:15.129892 -0.184 0.842 0.023 -5.005 28.015 2.869 93.966 5.74 -35.447 
WTleg1 739074953 2021-11-17 12:00:15.180415 -0.172 0.982 -0.157 -27.954 -7.69 13.733 97.108 5.268 75.015 
WTleg2 739074956 2021-11-17 12:00:15.211298 0.115 0.925 0.072 100.586 -21.179 -155.884 76.564 -39.166 -95.894 
WTarm1up 739074962 2021-11-17 12:00:15.214291 -0.193 0.998 -0.165 -5.371 39.001 -4.456 89.846 12.156 119.564 
WTarm2 739074989 2021-11-17 12:00:15.216284 -0.2 0.769 -0.105 8.789 -4.883 25.879 94.708 5.015 -35.195 
WTleg2 739075001 2021-11-17 12:00:15.218279 0.074 1.345 -0.199 106.262 -70.251 -170.959 91.445 -21.044 -102.634 
WTarm2up 739075010 2021-11-17 12:00:15.280988 -0.29 -1.058 0.103 -11.536 -0.183 -5.432 -89.896 13.738 15.255 
WTarm1up 739075024 2021-11-17 12:00:15.312256 -0.329 1.0 -0.131 -11.23 10.742 -4.822 90.198 12.7 122.349 
WTleg1 739075053 2021-11-17 12:00:15.314249 0.06 1.063 -0.058 -23.56 -22.278 1.709 94.697 4.713 71.851 
WTleg2 739075075 2021-11-17 12:00:15.315246 0.278 0.889 -0.316 37.598 51.697 -7.751 96.718 -11.338 -108.188 
WTarm2up 739075078 2021-11-17 12:00:15.317242 -0.121 -1.371 0.016 -11.963 -13.0 -12.329 -91.335 12.623 15.529 
WTarm2 739075091 2021-11-17 12:00:15.319265 0.104 1.063 -0.469 8.057 -53.894 8.301 99.097 2.17 -36.244 
WTarm1up 739075130 2021-11-17 12:00:15.394219 -0.439 0.95 0.276 -3.784 -65.491 9.094 88.599 13.436 119.652 
WTleg1 739075160 2021-11-17 12:00:15.423463 -0.089 0.958 0.099 -22.888 9.827 -1.526 92.214 4.938 72.246 
WTarm2up 739075200 2021-11-17 12:00:15.425456 0.009 -1.104 -0.123 -11.414 27.283 -5.432 -91.813 11.19 17.589 
WTarm2 739075205 2021-11-17 12:00:15.427452 0.128 1.052 -0.158 6.348 8.179 6.042 96.894 -0.516 -34.953 
WTleg2 739075212 2021-11-17 12:00:15.492728 0.691 1.007 -0.042 21.545 -18.555 -11.353 100.096 -9.899 -113.956 
WTarm1up 739075236 2021-11-17 12:00:15.522738 -0.053 1.039 0.099 12.512 -41.626 -21.606 86.567 13.585 112.923 
WTleg1 739075253 2021-11-17 12:00:15.524734 -0.159 1.021 0.002 -19.409 20.508 0.366 89.863 5.164 74.74 
WTleg2 739075287 2021-11-17 12:00:15.525703 0.014 0.965 -0.193 12.878 1.038 -16.785 101.629 -9.223 -110.77 
WTarm2up 739075291 2021-11-17 12:00:15.526701 -0.227 -1.187 -0.202 -2.686 31.494 -4.883 -93.565 9.959 13.376 
WTarm2 739075320 2021-11-17 12:00:15.594004 0.067 0.904 -0.035 -6.47 -1.099 3.967 95.092 -1.071 -34.585 
WTarm1up 739075354 2021-11-17 12:00:15.626916 -0.372 1.01 0.134 7.69 16.479 -7.751 87.49 14.65 113.077 
WTleg1 739075370 2021-11-17 12:00:15.628911 -0.131 0.98 0.036 -6.409 -19.714 2.869 88.369 5.07 75.251 
WTarm2up 739075377 2021-11-17 12:00:15.630940 -0.204 -1.199 -0.098 0.61 19.958 1.892 -94.763 9.69 11.283 
WTleg2 739075391 2021-11-17 12:00:15.632899 0.271 0.896 -0.29 7.019 -11.475 -2.625 102.887 -8.212 -112.956 
WTarm1up 739075417 2021-11-17 12:00:15.695014 -0.399 0.969 0.048 7.874 5.676 -4.089 88.33 15.809 115.203 
WTarm2 739075428 2021-11-17 12:00:15.725812 0.105 0.914 -0.096 2.502 -20.569 1.038 95.372 -1.011 -35.881 
WTleg1 739075447 2021-11-17 12:00:15.727832 -0.023 1.007 0.083 -3.296 -9.521 4.395 87.66 4.576 73.894 
WTleg2 739075482 2021-11-17 12:00:15.729827 0.272 0.907 -0.269 2.014 -10.803 -3.174 103.607 -8.036 -113.417 
WTarm2up 739075493 2021-11-17 12:00:15.731821 -0.147 -1.158 -0.145 -0.305 9.644 9.827 -94.861 10.217 10.102 
WTarm2 739075497 2021-11-17 12:00:15.733816 0.087 0.892 -0.056 -5.676 -9.338 -0.488 95.098 -1.23 -36.876 
WTarm1up 739075517 2021-11-17 12:00:15.797116 -0.308 1.026 0.072 11.169 -15.564 -0.916 88.923 16.111 114.192 
WTleg1 739075563 2021-11-17 12:00:15.825783 -0.088 0.998 0.082 -1.221 -0.549 2.625 87.215 4.169 74.026 
WTleg2 739075600 2021-11-17 12:00:15.827748 0.171 0.92 -0.278 -0.549 3.54 -0.183 103.832 -8.278 -113.379 
WTarm2up 739075602 2021-11-17 12:00:15.829743 -0.228 -1.153 -0.151 2.38 7.385 4.761 -95.114 10.838 8.751 
WTarm2 739075603 2021-11-17 12:00:15.830740 0.081 0.886 -0.058 -3.662 -6.348 -2.014 95.004 -1.302 -37.469 
WTarm1up 739075621 2021-11-17 12:00:15.899360 -0.3 1.024 0.048 6.226 -10.925 -0.244 89.313 16.166 112.95 
WTleg1 739075671 2021-11-17 12:00:15.931508 -0.041 1.025 0.069 1.465 0.122 3.906 87.237 3.779 73.878 
WTarm2up 739075677 2021-11-17 12:00:15.935536 -0.222 -1.169 -0.115 4.944 4.333 -1.77 -94.867 10.849 8.097 
WTarm2 739075709 2021-11-17 12:00:15.939520 0.03 0.915 -0.092 3.54 -5.371 -1.038 95.169 -1.132 -37.98 
WTarm1up 739075744 2021-11-17 12:00:15.999572 -0.291 1.029 0.014 1.221 1.343 1.587 89.478 16.095 112.56 
WTleg2 739075752 2021-11-17 12:00:16.030018 0.211 0.914 -0.251 -2.686 1.343 -1.343 103.755 -8.322 -113.066 
WTleg1 739075761 2021-11-17 12:00:16.032011 -0.052 0.995 0.042 4.7 -3.601 2.991 87.501 3.461 73.938 
WTleg2 739075782 2021-11-17 12:00:16.034005 0.166 0.922 -0.223 -3.906 -3.54 -0.122 103.513 -8.388 -113.351 
WTarm2up 739075785 2021-11-17 12:00:16.036000 -0.226 -1.136 -0.071 3.113 3.662 -0.061 -94.526 10.723 7.833 
WTarm2 739075798 2021-11-17 12:00:16.038029 0.01 0.908 -0.084 1.648 -3.296 -1.282 95.4 -1.033 -38.32 
WTarm1up 739075835 2021-11-17 12:00:16.103350 -0.262 0.999 0.017 2.747 -0.244 1.648 89.632 15.864 112.495 
WTarm2up 739075874 2021-11-17 12:00:16.134640 -0.255 -1.17 -0.086 0.854 -5.005 2.441 -94.345 10.893 7.581 
WTleg1 739075885 2021-11-17 12:00:16.136666 -0.075 1.001 0.03 4.395 -0.854 2.197 87.924 3.235 73.905 
WTleg2 739075888 2021-11-17 12:00:16.138661 0.155 0.93 -0.206 -3.662 -3.174 -0.305 103.173 -8.355 -113.423 
WTarm2 739075904 2021-11-17 12:00:16.140655 -0.005 0.909 -0.088 -0.854 -3.784 -2.075 95.466 -0.791 -38.738 
WTarm1up 739075910 2021-11-17 12:00:16.142617 -0.275 1.023 -0.004 3.235 2.93 2.38 90.0 15.623 112.604 
WTleg1 739075955 2021-11-17 12:00:16.203265 -0.025 1.009 0.048 2.686 -5.066 1.892 88.308 2.972 73.482 
WTarm2up 739075993 2021-11-17 12:00:16.234520 -0.225 -1.158 -0.064 4.456 1.221 3.052 -94.043 11.228 7.91 
WTarm2 739076007 2021-11-17 12:00:16.236514 -0.015 0.905 -0.085 1.953 -4.944 -2.502 95.493 -0.461 -39.32 
WTarm1up 739076029 2021-11-17 12:00:16.302910 -0.28 1.018 -0.021 2.441 2.869 2.38 90.423 15.37 112.819 
WTleg1 739076060 2021-11-17 12:00:16.333398 -0.092 1.001 -0.007 3.784 -5.92 0.549 88.649 2.807 72.993 
WTleg2 739076081 2021-11-17 12:00:16.335394 0.168 0.92 -0.212 -2.014 -1.038 -1.221 102.887 -8.3 -113.648 
WTarm2up 739076087 2021-11-17 12:00:16.337421 -0.249 -1.155 -0.05 5.432 0.366 2.625 -93.494 11.525 7.608 
WTleg2 739076096 2021-11-17 12:00:16.339385 0.214 0.922 -0.203 -3.052 -3.967 2.319 102.689 -8.465 -113.906 
WTarm2 739076113 2021-11-17 12:00:16.341409 -0.009 0.917 -0.092 -0.61 -3.784 -1.831 95.713 -0.132 -39.891 
WTarm1up 739076166 2021-11-17 12:00:16.405542 -0.253 1.021 -0.019 3.052 -7.324 4.7 90.626 14.974 112.456 
WTleg1 739076180 2021-11-17 12:00:16.438714 -0.049 1.0 0.014 2.38 -1.77 -0.366 88.951 2.851 72.515 
WTleg2 739076190 2021-11-17 12:00:16.440709 0.173 0.923 -0.206 -1.465 -0.427 0.732 102.524 -8.723 -114.181 
WTarm2up 739076210 2021-11-17 12:00:16.442704 -0.256 -1.135 -0.061 4.211 2.441 2.136 -93.005 11.794 7.438 
WTarm2 739076215 2021-11-17 12:00:16.444698 -0.015 0.913 -0.073 -1.221 -0.916 -1.892 95.427 0.066 -40.21 
WTarm1up 739076224 2021-11-17 12:00:16.507660 -0.232 1.018 -0.024 3.967 3.601 1.587 90.901 14.524 112.104 
WTleg1 739076256 2021-11-17 12:00:16.537520 -0.035 1.01 0.0 0.854 -1.709 0.305 89.105 2.834 72.318 
WTarm2up 739076296 2021-11-17 12:00:16.539516 -0.277 -1.144 -0.06 1.221 -2.075 2.625 -92.78 12.107 7.086 
WTleg2 739076308 2021-11-17 12:00:16.541477 0.179 0.927 -0.198 -1.16 0.0 0.488 102.365 -8.893 -114.263 
WTarm2 739076340 2021-11-17 12:00:16.609183 -0.004 0.917 -0.074 -2.014 -0.183 -0.916 95.169 0.264 -40.369 
WTarm1up 739076345 2021-11-17 12:00:16.644244 -0.272 1.026 -0.033 4.089 3.723 0.61 91.494 14.425 112.44 
WTleg1 739076359 2021-11-17 12:00:16.648233 -0.062 0.999 0.014 -0.671 3.113 -0.305 89.143 2.818 72.252 
WTarm2up 739076383 2021-11-17 12:00:16.652223 -0.264 -1.146 -0.055 1.099 -2.319 3.54 -92.626 12.497 7.289 
WTleg2 739076396 2021-11-17 12:00:16.657213 0.175 0.925 -0.208 -0.61 2.38 -0.122 102.294 -9.025 -114.06 
WTarm1up 739076402 2021-11-17 12:00:16.659203 -0.247 1.025 -0.037 2.991 3.357 0.671 91.923 14.315 112.637 
WTarm2 739076413 2021-11-17 12:00:16.661198 -0.012 0.915 -0.064 -2.747 1.526 -0.61 94.85 0.346 -40.254 
WTleg1 739076467 2021-11-17 12:00:16.703122 -0.047 1.003 0.015 0.427 -0.183 0.183 89.121 2.845 72.438 
WTleg2 739076491 2021-11-17 12:00:16.732008 0.186 0.929 -0.209 -0.488 1.831 0.0 102.228 -9.157 -113.851 
WTarm2 739076510 2021-11-17 12:00:16.733005 -0.005 0.914 -0.065 -0.977 0.061 -0.244 94.642 0.379 -40.259 
WTarm1up 739076514 2021-11-17 12:00:16.734999 -0.277 1.031 -0.045 1.831 4.883 0.244 92.296 14.249 113.033 
WTarm2up 739076517 2021-11-17 12:00:16.735996 -0.242 -1.153 -0.061 0.061 -2.38 2.014 -92.532 12.81 7.553 
WTleg1 739076542 2021-11-17 12:00:16.822203 -0.059 1.001 0.01 0.732 -1.221 -0.061 89.165 2.851 72.334 
WTarm2up 739076596 2021-11-17 12:00:16.858653 -0.26 -1.151 -0.052 0.366 0.61 0.366 -92.543 12.892 7.575 
WTarm1up 739076601 2021-11-17 12:00:16.860682 -0.272 1.022 -0.051 0.244 -1.831 -0.183 92.461 14.326 113.159 
WTleg2 739076612 2021-11-17 12:00:16.862646 0.166 0.922 -0.207 -0.366 -2.014 0.427 102.178 -9.267 -113.714 
WTarm2 739076618 2021-11-17 12:00:16.863644 -0.01 0.915 -0.058 0.427 -1.465 0.061 94.614 0.401 -40.347 
WTleg1 739076660 2021-11-17 12:00:16.917520 -0.049 1.009 0.018 0.366 0.0 0.305 89.242 2.878 72.296 
WTarm2up 739076699 2021-11-17 12:00:16.950850 -0.257 -1.153 -0.059 1.526 3.235 -0.183 -92.543 12.876 7.339 
WTarm1up 739076707 2021-11-17 12:00:16.952845 -0.28 1.019 -0.053 1.526 -3.479 0.793 92.532 14.348 112.917 
WTarm2 739076715 2021-11-17 12:00:16.955838 -0.004 0.907 -0.067 0.183 -3.174 0.122 94.548 0.406 -40.633 
WTleg2 739076726 2021-11-17 12:00:16.957861 0.193 0.926 -0.203 -0.549 -3.906 0.488 102.211 -9.338 -113.89 
WTleg1 739076751 2021-11-17 12:00:17.014099 -0.06 0.999 0.013 0.916 -2.319 0.427 89.313 2.818 72.153 
WTarm2up 739076789 2021-11-17 12:00:17.051046 -0.277 -1.152 -0.06 1.221 4.089 0.977 -92.521 12.859 6.877 
WTleg2 739076802 2021-11-17 12:00:17.055036 0.175 0.925 -0.206 -0.61 0.793 0.122 102.14 -9.487 -113.95 
WTarm2 739076818 2021-11-17 12:00:17.057030 -0.013 0.911 -0.061 -0.244 -1.221 -0.122 94.581 0.396 -40.842 
WTarm1up 739076826 2021-11-17 12:00:17.060021 -0.25 1.03 -0.032 -0.305 -3.967 1.099 92.483 14.277 112.429 
WTarm2up 739076878 2021-11-17 12:00:17.122996 -0.276 -1.152 -0.064 -0.244 -0.122 1.038 -92.51 12.975 6.559 
WTleg2 739076894 2021-11-17 12:00:17.155505 0.183 0.93 -0.2 -1.099 -2.258 -0.122 102.052 -9.487 -113.89 
WTarm1up 739076899 2021-11-17 12:00:17.157528 -0.244 1.011 -0.047 0.488 3.723 0.977 92.444 14.062 112.39 
WTarm2 739076910 2021-11-17 12:00:17.160491 -0.008 0.921 -0.066 3.479 -3.479 -0.366 94.664 0.472 -41.083 
WTleg1 739076944 2021-11-17 12:00:17.220482 -0.046 1.008 0.011 -0.061 1.587 0.366 89.407 2.823 72.109 
WTleg1 739076948 2021-11-17 12:00:17.250355 -0.051 1.002 0.015 -0.122 -3.235 1.282 89.39 2.675 72.147 
WTarm2up 739076982 2021-11-17 12:00:17.252381 -0.265 -1.156 -0.055 0.366 -1.77 2.258 -92.51 13.129 6.658 
WTleg2 739077012 2021-11-17 12:00:17.253381 0.187 0.927 -0.196 -1.099 0.977 0.0 101.964 -9.575 -113.994 
WTarm2 739077016 2021-11-17 12:00:17.255355 -0.007 0.917 -0.07 0.732 -0.244 -0.427 94.867 0.549 -41.237 
WTarm1up 739077048 2021-11-17 12:00:17.319819 -0.266 1.017 -0.047 2.502 -0.549 1.16 92.697 13.991 112.659 
WTleg1 739077066 2021-11-17 12:00:17.351109 -0.053 1.0 0.011 -0.732 2.991 0.793 89.401 2.571 72.026 
WTarm2up 739077077 2021-11-17 12:00:17.353127 -0.272 -1.146 -0.053 -0.122 -1.099 4.272 -92.444 13.442 6.779 
WTleg2 739077103 2021-11-17 12:00:17.356095 0.185 0.927 -0.194 -0.549 1.831 0.0 101.882 -9.657 -113.829 
WTarm1up 739077107 2021-11-17 12:00:17.359130 -0.228 1.024 -0.038 4.517 1.282 0.793 93.01 13.826 112.489 
WTarm2 739077118 2021-11-17 12:00:17.361115 -0.014 0.911 -0.081 0.0 0.671 -0.854 94.955 0.621 -41.149 
WTleg1 739077143 2021-11-17 12:00:17.425022 -0.056 1.003 0.01 0.0 0.305 -0.427 89.357 2.648 72.175 
WTarm2up 739077178 2021-11-17 12:00:17.455905 -0.279 -1.141 -0.053 -0.916 -5.31 3.601 -92.439 13.859 6.976 
WTleg2 739077195 2021-11-17 12:00:17.458931 0.174 0.927 -0.2 -0.61 0.549 0.549 101.794 -9.8 -113.604 
WTarm2 739077214 2021-11-17 12:00:17.460893 -0.01 0.912 -0.072 -1.16 1.221 -0.61 94.938 0.698 -41.078 
WTarm1up 739077221 2021-11-17 12:00:17.463929 -0.252 1.019 -0.059 3.235 3.235 -0.122 93.417 13.76 112.857 
WTarm2up 739077286 2021-11-17 12:00:17.518399 -0.271 -1.15 -0.056 -1.465 -1.831 2.869 -92.494 14.167 7.416 
WTarm1up 739077290 2021-11-17 12:00:17.551398 -0.263 1.032 -0.072 2.625 4.333 -0.61 93.862 13.793 113.225 
WTleg2 739077295 2021-11-17 12:00:17.555428 0.185 0.928 -0.202 -0.549 1.953 0.916 101.711 -9.954 -113.379 
WTleg1 739077305 2021-11-17 12:00:17.559417 -0.046 1.004 0.016 -0.549 2.747 -0.244 89.319 2.67 72.318 
WTarm2 739077314 2021-11-17 12:00:17.563406 -0.013 0.915 -0.079 -0.488 1.16 -0.122 94.845 0.731 -41.023 
WTarm2up 739077375 2021-11-17 12:00:17.624876 -0.29 -1.143 -0.056 -0.671 0.0 1.953 -92.615 14.387 7.482 
WTleg1 739077380 2021-11-17 12:00:17.656350 -0.054 1.002 0.01 0.305 0.0 -0.977 89.324 2.752 72.367 
WTarm1up 739077394 2021-11-17 12:00:17.657361 -0.254 1.025 -0.07 0.488 2.075 -0.488 94.087 13.832 113.478 
WTleg2 739077416 2021-11-17 12:00:17.658345 0.178 0.927 -0.196 -0.244 1.16 1.038 101.667 -10.118 -113.198 
WTarm2 739077420 2021-11-17 12:00:17.660340 -0.02 0.913 -0.072 -0.061 0.244 0.122 94.774 0.736 -40.919 
