WTarm2 738971159 2021-11-17 11:58:31.441827 -0.018 0.916 -0.097 0.427 0.793 0.183 96.339 0.961 -39.051 
WTarm1up 738971163 2021-11-17 11:58:31.474165 -0.279 1.011 -0.135 -0.61 2.991 -0.671 97.679 15.068 104.205 
WTleg2 738971186 2021-11-17 11:58:31.476160 0.14 0.922 -0.218 0.0 1.404 -0.305 103.178 -8.608 -102.524 
WTarm2up 738971219 2021-11-17 11:58:31.478154 -0.293 -1.141 -0.014 -0.122 -0.732 -0.244 -90.472 14.321 14.892 
WTleg1 738971240 2021-11-17 11:58:31.479184 -0.023 1.002 -0.087 -0.122 1.404 0.0 95.043 1.549 75.174 
WTarm2 738971247 2021-11-17 11:58:31.481195 -0.018 0.909 -0.091 -1.099 1.648 0.0 96.301 0.967 -38.914 
WTarm1up 738971271 2021-11-17 11:58:31.544068 -0.273 1.011 -0.137 -1.16 3.601 -0.061 97.69 15.062 104.568 
WTleg2 738971292 2021-11-17 11:58:31.603278 0.143 0.922 -0.217 0.183 0.916 -0.732 103.167 -8.569 -102.519 
WTarm2up 738971322 2021-11-17 11:58:31.606316 -0.294 -1.143 -0.018 -0.122 -0.854 -0.366 -90.483 14.315 14.985 
WTarm1up 738971331 2021-11-17 11:58:31.609308 -0.271 1.012 -0.141 -0.732 3.662 -0.427 97.707 15.062 104.958 
WTleg1 738971335 2021-11-17 11:58:31.613253 -0.04 1.002 -0.092 -0.183 0.854 0.061 95.015 1.533 75.278 
WTarm2 738971353 2021-11-17 11:58:31.616268 -0.017 0.911 -0.095 0.0 1.587 0.122 96.284 0.95 -38.705 
WTleg2 738971381 2021-11-17 11:58:31.669453 0.141 0.923 -0.218 0.0 0.549 -0.366 103.178 -8.525 -102.458 
WTleg1 738971405 2021-11-17 11:58:31.672445 -0.033 1.002 -0.093 -0.061 1.221 -0.305 95.021 1.566 75.394 
WTarm2up 738971429 2021-11-17 11:58:31.675438 -0.29 -1.143 -0.015 -0.549 -2.197 -0.61 -90.5 14.277 15.15 
WTarm1up 738971432 2021-11-17 11:58:31.678429 -0.277 1.009 -0.139 -1.16 3.174 -0.549 97.712 15.073 105.375 
WTarm2 738971475 2021-11-17 11:58:31.748216 -0.017 0.912 -0.094 0.305 0.977 0.427 96.301 0.923 -38.54 
WTleg2 738971518 2021-11-17 11:58:31.780264 0.139 0.922 -0.221 0.0 0.549 -0.366 103.206 -8.503 -102.458 
WTarm1up 738971522 2021-11-17 11:58:31.784265 -0.28 1.007 -0.136 -0.793 1.648 -0.488 97.685 15.112 105.645 
WTleg1 738971539 2021-11-17 11:58:31.788204 -0.026 1.002 -0.089 0.0 0.793 0.122 95.01 1.566 75.509 
WTarm2up 738971547 2021-11-17 11:58:31.793241 -0.281 -1.146 -0.017 -0.366 -0.366 -0.305 -90.527 14.211 15.342 
WTarm2 738971550 2021-11-17 11:58:31.797231 -0.016 0.913 -0.097 -0.122 1.099 0.244 96.29 0.879 -38.381 
WTleg2 738971608 2021-11-17 11:58:31.860642 0.136 0.923 -0.222 0.549 0.854 -0.183 103.217 -8.487 -102.42 
WTarm1up 738971629 2021-11-17 11:58:31.893710 -0.274 1.003 -0.132 -0.671 0.366 -0.061 97.635 15.145 105.765 
WTarm2up 738971639 2021-11-17 11:58:31.898747 -0.292 -1.147 -0.02 -0.366 -0.732 -0.427 -90.571 14.178 15.364 
WTarm2 738971654 2021-11-17 11:58:31.901741 -0.014 0.908 -0.096 0.0 1.221 0.122 96.29 0.84 -38.298 
WTleg1 738971659 2021-11-17 11:58:31.905729 -0.034 1.003 -0.088 -0.122 0.854 0.061 94.993 1.566 75.58 
WTleg2 738971698 2021-11-17 11:58:31.949000 0.14 0.924 -0.224 0.183 0.61 0.0 103.239 -8.459 -102.404 
WTarm2up 738971714 2021-11-17 11:58:31.984290 -0.29 -1.15 -0.02 0.0 -1.648 -0.61 -90.588 14.128 15.436 
WTarm1up 738971739 2021-11-17 11:58:31.988276 -0.278 1.006 -0.132 -0.671 1.709 -0.183 97.603 15.161 105.925 
WTleg1 738971742 2021-11-17 11:58:31.990270 -0.029 1.003 -0.09 0.0 0.183 0.0 94.988 1.582 75.63 
WTarm2 738971759 2021-11-17 11:58:31.993261 -0.013 0.91 -0.098 -0.244 0.732 0.122 96.345 0.802 -38.26 
WTleg2 738971789 2021-11-17 11:58:32.056983 0.139 0.923 -0.219 0.0 0.305 -0.122 103.266 -8.454 -102.382 
WTarm1up 738971825 2021-11-17 11:58:32.098116 -0.277 1.009 -0.131 -0.488 0.671 -0.366 97.575 15.183 106.089 
WTleg1 738971840 2021-11-17 11:58:32.102105 -0.027 1.001 -0.082 -0.244 0.671 -0.183 94.982 1.588 75.679 
WTarm2 738971848 2021-11-17 11:58:32.105097 -0.011 0.916 -0.1 0.244 1.343 0.305 96.328 0.758 -38.139 
WTarm2up 738971863 2021-11-17 11:58:32.109086 -0.287 -1.142 -0.019 -0.122 -0.305 -0.366 -90.599 14.068 15.507 
WTleg2 738971891 2021-11-17 11:58:32.149281 0.138 0.923 -0.221 0.061 0.488 -0.244 103.282 -8.438 -102.305 
WTleg1 738971899 2021-11-17 11:58:32.158307 -0.033 1.001 -0.085 -0.122 0.671 -0.305 94.971 1.593 75.767 
WTarm1up 738971929 2021-11-17 11:58:32.162286 -0.278 1.008 -0.13 -0.854 1.892 -0.427 97.559 15.222 106.276 
WTarm2up 738971937 2021-11-17 11:58:32.166239 -0.288 -1.148 -0.022 -0.366 0.061 -0.305 -90.648 14.041 15.513 
WTarm2 738971971 2021-11-17 11:58:32.254773 -0.013 0.912 -0.102 0.549 1.099 0.427 96.323 0.703 -37.969 
WTleg2 738971999 2021-11-17 11:58:32.288067 0.135 0.924 -0.215 0.0 0.793 -0.061 103.293 -8.427 -102.217 
WTarm1up 738972034 2021-11-17 11:58:32.290061 -0.278 1.007 -0.13 -0.671 0.854 -0.061 97.493 15.244 106.496 
WTleg1 738972038 2021-11-17 11:58:32.293053 -0.03 1.002 -0.086 -0.122 0.732 -0.244 94.966 1.626 75.839 
WTarm2up 738972041 2021-11-17 11:58:32.295047 -0.282 -1.148 -0.021 -0.122 -1.038 -0.61 -90.692 13.991 15.568 
WTarm2 738972073 2021-11-17 11:58:32.357295 -0.011 0.91 -0.102 0.244 1.099 0.244 96.356 0.659 -37.782 
WTleg2 738972090 2021-11-17 11:58:32.395156 0.136 0.922 -0.227 0.183 0.916 -0.244 103.304 -8.41 -102.134 
WTleg1 738972095 2021-11-17 11:58:32.401179 -0.029 1.001 -0.084 -0.244 0.183 -0.122 94.944 1.648 75.877 
WTarm2up 738972119 2021-11-17 11:58:32.405176 -0.286 -1.148 -0.02 0.183 -0.671 -0.427 -90.687 13.931 15.639 
WTarm2 738972148 2021-11-17 11:58:32.409114 -0.01 0.909 -0.095 0.0 0.549 0.122 96.35 0.637 -37.672 
WTarm1up 738972169 2021-11-17 11:58:32.413103 -0.271 1.01 -0.131 -0.732 1.587 0.0 97.438 15.244 106.617 
WTleg2 738972191 2021-11-17 11:58:32.465461 0.139 0.923 -0.22 -0.122 -1.404 -0.488 103.326 -8.355 -102.145 
WTleg1 738972201 2021-11-17 11:58:32.468441 -0.034 1.002 -0.083 -0.061 -0.305 0.061 94.916 1.664 75.855 
WTarm2up 738972238 2021-11-17 11:58:32.470402 -0.286 -1.142 -0.02 0.427 -1.343 -0.549 -90.659 13.898 15.705 
WTarm2 738972283 2021-11-17 11:58:32.559968 -0.006 0.918 -0.104 1.831 0.305 0.366 96.416 0.61 -37.579 
WTleg2 738972311 2021-11-17 11:58:32.603721 0.146 0.922 -0.226 -0.122 0.488 0.0 103.343 -8.333 -102.173 
WTarm1up 738972319 2021-11-17 11:58:32.608703 -0.279 1.018 -0.126 -0.488 2.502 -0.671 97.471 15.227 106.93 
WTleg1 738972351 2021-11-17 11:58:32.612693 -0.032 1.001 -0.083 0.183 0.549 -0.427 94.916 1.681 75.883 
WTarm2up 738972358 2021-11-17 11:58:32.615685 -0.276 -1.152 -0.017 -0.427 -1.77 -0.366 -90.643 13.848 15.848 
WTarm2 738972361 2021-11-17 11:58:32.619674 -0.012 0.919 -0.095 0.183 2.38 0.0 96.63 0.571 -37.469 
WTarm1up 738972364 2021-11-17 11:58:32.624661 -0.268 1.067 -0.091 -8.179 7.141 -2.991 97.487 15.304 107.397 
WTleg2 738972419 2021-11-17 11:58:32.661561 0.137 0.921 -0.223 -0.61 0.183 -0.366 103.337 -8.311 -102.162 
WTarm2up 738972423 2021-11-17 11:58:32.665553 -0.278 -1.16 -0.009 -0.732 4.089 0.488 -90.747 13.848 15.705 
WTarm1up 738972425 2021-11-17 11:58:32.668577 -0.339 1.047 -0.044 -31.006 8.484 -24.231 95.328 16.397 108.88 
WTleg1 738972442 2021-11-17 11:58:32.671534 -0.033 1.002 -0.085 0.427 0.549 0.0 94.916 1.697 75.992 
WTarm2 738972464 2021-11-17 11:58:32.673529 -0.019 0.925 -0.102 -8.179 -2.502 -0.244 96.487 0.615 -37.359 
WTleg2 738972493 2021-11-17 11:58:32.764380 0.13 0.924 -0.206 0.0 -1.709 1.038 103.299 -8.289 -102.222 
WTleg1 738972501 2021-11-17 11:58:32.798323 -0.041 1.001 -0.105 -0.488 0.0 -0.183 95.01 1.725 75.959 
WTarm1up 738972514 2021-11-17 11:58:32.803310 -0.505 1.081 0.054 -45.654 8.728 -61.035 91.351 20.918 110.605 
WTarm2up 738972555 2021-11-17 11:58:32.807299 -0.307 -1.133 -0.026 0.183 -1.587 -2.075 -90.818 13.865 15.227 
WTarm2 738972559 2021-11-17 11:58:32.811289 -0.019 0.918 -0.105 -3.418 -3.052 0.0 96.147 0.692 -37.634 
WTleg2 738972597 2021-11-17 11:58:32.865482 0.136 0.923 -0.219 1.404 1.953 0.732 103.359 -8.372 -102.266 
WTarm2up 738972614 2021-11-17 11:58:32.896437 -0.278 -1.148 -0.013 -2.136 -4.15 -0.793 -90.84 13.733 15.557 
WTarm1up 738972621 2021-11-17 11:58:32.899429 -0.635 1.069 0.079 -67.383 17.578 -113.281 85.957 30.635 112.714 
WTleg1 738972649 2021-11-17 11:58:32.901393 -0.021 1.004 -0.08 -2.136 0.916 -0.549 94.894 1.758 76.031 
WTarm2 738972658 2021-11-17 11:58:32.903419 -0.003 0.914 -0.104 -5.432 -0.671 2.136 95.878 0.621 -37.661 
WTleg1 738972696 2021-11-17 11:58:32.967786 -0.036 1.002 -0.079 -1.282 0.61 -0.427 94.713 1.802 76.108 
WTleg2 738972700 2021-11-17 11:58:32.998955 0.131 0.921 -0.239 1.282 3.052 0.488 103.475 -8.465 -102.079 
WTarm1up 738972709 2021-11-17 11:58:33.001944 -0.674 0.931 0.091 -71.655 3.113 -127.014 78.151 42.775 111.467 
WTarm2up 738972733 2021-11-17 11:58:33.003940 -0.245 -1.147 -0.025 -1.709 0.977 -0.854 -91.005 13.612 15.881 
WTarm2 738972764 2021-11-17 11:58:33.005934 0.002 0.916 -0.095 -4.883 -1.77 2.625 95.323 0.385 -37.689 
WTleg2 738972794 2021-11-17 11:58:33.078214 0.136 0.923 -0.239 0.305 -0.671 0.488 103.546 -8.481 -101.959 
WTleg1 738972803 2021-11-17 11:58:33.111126 -0.048 1.004 -0.077 0.183 -2.014 -0.366 94.636 1.923 76.053 
WTarm2up 738972811 2021-11-17 11:58:33.113120 -0.26 -1.141 -0.031 0.793 8.057 -2.747 -91.187 13.365 15.562 
WTarm1up 738972820 2021-11-17 11:58:33.114118 -0.688 0.681 0.116 -58.472 27.161 -120.483 70.17 54.734 109.034 
WTarm2 738972886 2021-11-17 11:58:33.175763 0.014 0.921 -0.08 -6.042 -6.042 4.822 94.708 0.11 -38.062 
WTleg2 738972895 2021-11-17 11:58:33.222188 0.149 0.92 -0.226 -0.427 -2.93 0.854 103.607 -8.531 -102.211 
WTarm1up 738972919 2021-11-17 11:58:33.225151 -0.761 0.449 0.077 -36.499 34.668 -94.971 65.099 65.66 107.529 
WTarm2up 738972929 2021-11-17 11:58:33.227173 -0.269 -1.146 -0.031 1.221 10.132 -2.441 -91.263 13.046 14.733 
WTarm2 738972961 2021-11-17 11:58:33.228169 0.016 0.913 -0.065 -4.272 3.906 5.432 93.862 -0.401 -38.134 
WTleg1 738972995 2021-11-17 11:58:33.283327 -0.03 1.004 -0.073 0.183 -2.991 0.0 94.625 1.956 75.811 
WTleg1 738973000 2021-11-17 11:58:33.309386 -0.035 1.002 -0.082 0.854 -1.282 0.305 94.675 1.945 75.657 
WTleg2 738973003 2021-11-17 11:58:33.311410 0.144 0.922 -0.225 -0.793 -1.221 0.122 103.59 -8.531 -102.393 
WTarm1up 738973013 2021-11-17 11:58:33.312376 -0.95 0.31 0.07 -12.878 40.833 -79.895 67.593 76.185 112.258 
WTarm2up 738973047 2021-11-17 11:58:33.314400 -0.268 -1.14 -0.042 1.16 10.681 -0.793 -91.395 12.898 13.722 
WTarm2 738973065 2021-11-17 11:58:33.315398 0.024 0.903 -0.037 -0.549 5.432 7.202 93.527 -1.093 -37.469 
WTleg2 738973125 2021-11-17 11:58:33.371640 0.148 0.922 -0.229 -1.16 -0.61 0.366 103.546 -8.558 -102.464 
WTleg1 738973129 2021-11-17 11:58:33.405052 -0.033 1.002 -0.078 1.16 -2.808 -0.183 94.741 1.956 75.443 
WTarm2up 738973138 2021-11-17 11:58:33.406971 -0.271 -1.145 -0.044 -0.61 3.357 -4.456 -91.577 12.695 12.849 
WTarm1up 738973147 2021-11-17 11:58:33.407969 -0.787 0.179 0.05 -2.014 1.587 -35.156 60.123 80.997 104.87 
WTarm2 738973170 2021-11-17 11:58:33.409991 0.021 0.91 -0.038 0.488 4.578 3.601 93.576 -1.675 -37.029 
WTarm1up 738973204 2021-11-17 11:58:33.474851 -0.853 0.116 0.074 6.531 -3.662 -2.38 57.42 82.507 101.629 
WTleg1 738973208 2021-11-17 11:58:33.508879 -0.024 0.999 -0.086 1.77 2.502 -1.099 94.867 1.989 75.504 
WTleg2 738973216 2021-11-17 11:58:33.512864 0.141 0.923 -0.22 -1.282 2.625 -0.977 103.398 -8.575 -102.393 
WTarm2up 738973222 2021-11-17 11:58:33.516853 -0.268 -1.166 -0.044 -1.099 1.648 -3.052 -91.78 12.272 12.579 
WTarm2 738973275 2021-11-17 11:58:33.520850 0.019 0.912 -0.045 2.625 0.793 0.793 93.647 -1.862 -36.903 
WTarm1up 738973310 2021-11-17 11:58:33.569146 -0.931 0.164 0.077 8.484 3.113 16.235 60.628 81.513 103.942 
WTleg2 738973318 2021-11-17 11:58:33.613784 0.128 0.924 -0.211 -0.488 1.221 -0.549 103.244 -8.525 -102.173 
WTarm2up 738973333 2021-11-17 11:58:33.618770 -0.263 -1.167 -0.049 -0.671 -4.089 0.549 -91.934 12.228 12.508 
WTarm2 738973383 2021-11-17 11:58:33.622799 0.02 0.918 -0.058 2.014 -3.967 -1.587 93.785 -1.741 -37.084 
WTleg1 738973398 2021-11-17 11:58:33.668676 -0.043 1.002 -0.099 0.122 1.831 -0.244 95.021 2.027 75.811 
WTleg1 738973400 2021-11-17 11:58:33.671669 -0.05 1.001 -0.094 -0.366 -0.305 0.0 95.026 2.065 75.784 
WTarm2up 738973406 2021-11-17 11:58:33.675657 -0.24 -1.162 -0.038 0.366 -2.93 1.526 -91.89 12.316 12.859 
WTarm1up 738973414 2021-11-17 11:58:33.707021 -0.932 0.217 0.096 7.141 3.235 23.926 67.549 79.437 109.874 
WTleg2 738973452 2021-11-17 11:58:33.710032 0.129 0.923 -0.218 0.183 -0.427 0.61 103.217 -8.509 -102.184 
WTarm2 738973469 2021-11-17 11:58:33.714007 0.027 0.912 -0.055 0.671 -5.066 -2.502 93.966 -1.478 -37.579 
WTleg2 738973497 2021-11-17 11:58:33.780264 0.148 0.922 -0.221 0.0 -1.77 0.977 103.239 -8.547 -102.404 
WTarm2up 738973512 2021-11-17 11:58:33.826260 -0.261 -1.149 -0.043 2.686 -1.16 0.732 -91.703 12.437 12.881 
WTleg1 738973536 2021-11-17 11:58:33.830249 -0.034 1.001 -0.084 -0.793 -1.892 0.244 94.944 2.093 75.646 
WTarm1up 738973548 2021-11-17 11:58:33.835237 -0.928 0.257 0.026 10.437 1.831 33.63 74.8 76.75 116.191 
WTarm2 738973575 2021-11-17 11:58:33.840223 0.029 0.905 -0.065 4.211 -4.395 -2.869 94.307 -1.214 -37.98 
WTleg2 738973617 2021-11-17 11:58:33.890630 0.145 0.925 -0.222 -0.549 1.404 0.0 103.244 -8.646 -102.464 
WTarm2up 738973620 2021-11-17 11:58:33.936333 -0.253 -1.164 -0.034 0.183 -3.723 1.343 -91.549 12.541 13.096 
WTarm1up 738973639 2021-11-17 11:58:33.940365 -0.878 0.298 0.017 10.681 9.827 54.077 81.645 72.482 121.701 
WTarm2 738973680 2021-11-17 11:58:33.944314 0.018 0.911 -0.067 4.822 1.709 -1.953 94.818 -1.049 -37.848 
WTarm1up 738973698 2021-11-17 11:58:33.994517 -0.788 0.597 0.027 24.048 20.02 81.238 88.341 65.473 126.513 
WTleg2 738973722 2021-11-17 11:58:34.030234 0.136 0.918 -0.225 -0.305 -0.427 0.427 103.222 -8.696 -102.299 
WTarm2up 738973726 2021-11-17 11:58:34.034183 -0.265 -1.128 -0.052 0.0 -1.587 0.244 -91.544 12.673 13.26 
WTarm2 738973786 2021-11-17 11:58:34.037217 0.028 0.914 -0.082 -0.488 0.854 -0.549 95.004 -0.983 -37.842 
WTleg2 738973815 2021-11-17 11:58:34.112516 0.16 0.925 -0.215 -0.793 0.488 -0.183 103.156 -8.679 -102.398 
WTarm2up 738973818 2021-11-17 11:58:34.148033 -0.251 -1.161 -0.043 0.61 -2.441 1.343 -91.472 12.706 13.579 
WTarm1up 738973882 2021-11-17 11:58:34.152057 -0.934 0.69 0.054 10.071 6.714 109.68 92.637 55.245 128.859 
WTarm2 738973888 2021-11-17 11:58:34.156052 0.01 0.915 -0.064 -1.343 -0.122 -0.916 95.021 -0.917 -37.771 
WTleg1 738973914 2021-11-17 11:58:34.182596 -0.034 1.005 -0.08 -0.244 0.0 -1.221 94.889 2.12 75.586 
WTleg1 738973918 2021-11-17 11:58:34.185588 -0.049 1.001 -0.081 0.0 1.16 -0.183 94.894 2.214 75.844 
WTleg1 738973920 2021-11-17 11:58:34.189577 -0.042 0.999 -0.083 1.099 0.0 0.183 94.916 2.23 75.718 
WTleg1 738973923 2021-11-17 11:58:34.192565 -0.063 1.004 -0.089 0.305 -3.052 1.221 95.01 2.236 75.668 
WTleg2 738973929 2021-11-17 11:58:34.196508 0.135 0.926 -0.219 -1.16 -4.211 1.465 103.101 -8.707 -102.513 
WTarm2up 738973935 2021-11-17 11:58:34.200497 -0.246 -1.17 -0.043 3.357 1.099 2.686 -91.395 12.92 13.623 
WTarm1up 738973939 2021-11-17 11:58:34.205484 -0.714 0.804 -0.088 38.696 -65.796 135.986 90.038 42.731 121.707 
WTarm2 738973965 2021-11-17 11:58:34.208480 0.009 0.902 -0.067 -2.686 -3.784 -1.953 94.999 -0.709 -38.199 
WTarm2up 738974010 2021-11-17 11:58:34.284396 -0.245 -1.152 -0.009 4.15 3.235 1.038 -91.104 13.03 13.381 
WTarm1up 738974014 2021-11-17 11:58:34.313280 -0.584 0.917 -0.098 48.767 2.991 122.314 92.488 29.636 118.24 
WTleg2 738974020 2021-11-17 11:58:34.315313 0.155 0.928 -0.208 -0.916 -2.686 0.0 103.035 -8.69 -102.903 
WTleg1 738974032 2021-11-17 11:58:34.316276 -0.034 1.008 -0.083 1.099 -2.747 1.404 95.037 2.164 75.234 
WTarm2 738974085 2021-11-17 11:58:34.317310 0.004 0.918 -0.095 5.432 -0.427 -2.563 95.065 -0.511 -38.496 
WTarm1up 738974089 2021-11-17 11:58:34.320282 -0.405 0.956 -0.11 46.021 -28.87 98.206 94.565 19.539 116.499 
WTleg1 738974106 2021-11-17 11:58:34.386326 -0.035 1.0 -0.101 0.916 -1.831 0.0 95.169 2.098 74.965 
WTleg2 738974116 2021-11-17 11:58:34.420145 0.151 0.926 -0.207 -0.366 -0.488 0.671 102.975 -8.734 -103.085 
WTarm2up 738974119 2021-11-17 11:58:34.423105 -0.3 -1.127 -0.025 3.357 0.183 2.014 -90.72 13.359 13.057 
WTarm2 738974190 2021-11-17 11:58:34.426128 0.003 0.922 -0.087 2.075 0.61 -1.831 95.284 -0.379 -38.441 
WTarm1up 738974194 2021-11-17 11:58:34.429123 -0.526 1.094 0.021 18.433 -21.851 37.842 97.295 13.03 114.84 
WTleg2 738974201 2021-11-17 11:58:34.437064 0.136 0.925 -0.205 0.732 3.418 -0.122 102.92 -8.811 -102.914 
WTleg1 738974210 2021-11-17 11:58:34.491670 -0.015 1.001 -0.093 0.183 2.625 -0.671 95.213 2.109 74.993 
WTarm2up 738974219 2021-11-17 11:58:34.548440 -0.275 -1.142 -0.009 0.488 -9.155 1.892 -90.346 13.568 13.744 
WTarm2 738974265 2021-11-17 11:58:34.552393 -0.019 0.913 -0.074 -5.127 5.371 -2.075 95.01 -0.181 -38.09 
WTleg1 738974285 2021-11-17 11:58:34.555406 -0.014 1.006 -0.09 -3.418 -0.183 -0.488 95.131 2.093 75.179 
WTarm1up 738974298 2021-11-17 11:58:34.560368 -0.264 0.975 -0.203 5.249 -6.958 0.549 97.108 11.602 113.538 
WTleg2 738974307 2021-11-17 11:58:34.593730 0.135 0.925 -0.208 1.038 3.662 0.244 102.936 -8.833 -102.574 
WTarm2 738974367 2021-11-17 11:58:34.597729 -0.003 0.905 -0.062 -3.357 -0.549 -0.488 94.642 0.016 -38.145 
WTarm2up 738974381 2021-11-17 11:58:34.601713 -0.276 -1.143 -0.01 -0.793 -2.808 3.662 -90.258 13.865 14.205 
WTarm1up 738974387 2021-11-17 11:58:34.605708 -0.164 1.007 -0.09 3.174 7.996 4.089 97.515 11.821 113.132 
WTleg1 738974433 2021-11-17 11:58:34.695501 -0.058 1.004 -0.077 -1.465 -4.211 0.732 94.966 2.071 75.295 
WTleg2 738974439 2021-11-17 11:58:34.736382 0.146 0.922 -0.225 0.0 -1.038 -1.038 103.024 -8.773 -102.502 
WTarm2up 738974441 2021-11-17 11:58:34.738345 -0.26 -1.145 0.003 0.488 -0.427 0.305 -90.132 13.92 14.474 
WTarm2 738974472 2021-11-17 11:58:34.740341 -0.0 0.918 -0.077 0.366 0.183 0.793 94.592 0.0 -38.095 
WTarm1up 738974491 2021-11-17 11:58:34.742335 -0.328 1.023 -0.146 1.343 9.399 -1.221 97.806 11.42 114.933 
WTleg1 738974494 2021-11-17 11:58:34.744333 -0.042 1.004 -0.091 0.0 0.488 0.0 94.922 2.065 75.163 
WTarm2up 738974516 2021-11-17 11:58:34.793533 -0.308 -1.139 -0.016 1.16 3.235 -1.16 -90.126 13.881 14.057 
WTleg2 738974532 2021-11-17 11:58:34.824079 0.157 0.926 -0.206 0.183 -1.16 0.0 103.035 -8.696 -102.673 
WTarm2 738974596 2021-11-17 11:58:34.825045 0.004 0.912 -0.062 0.61 -0.122 0.671 94.526 -0.038 -38.051 
WTarm1up 738974601 2021-11-17 11:58:34.826076 -0.222 1.022 -0.126 -0.488 -11.047 -3.357 97.751 12.014 114.829 
WTleg2 738974621 2021-11-17 11:58:34.893688 0.142 0.925 -0.219 0.244 -0.122 0.305 103.085 -8.734 -102.733 
WTleg1 738974636 2021-11-17 11:58:34.925767 -0.035 1.005 -0.088 0.183 1.953 -0.549 94.911 2.12 75.097 
WTarm2up 738974684 2021-11-17 11:58:34.928779 -0.277 -1.148 -0.009 -1.831 -4.578 0.61 -90.148 13.859 14.288 
WTarm2 738974688 2021-11-17 11:58:34.932749 0.002 0.913 -0.066 1.465 -0.366 0.244 94.675 -0.115 -38.018 
WTleg1 738974691 2021-11-17 11:58:34.935743 -0.046 1.002 -0.084 0.366 0.61 -0.671 94.878 2.186 75.152 
WTarm1up 738974702 2021-11-17 11:58:34.939729 -0.229 1.021 -0.12 0.366 2.441 0.061 97.69 12.14 114.593 
WTleg2 738974710 2021-11-17 11:58:34.994725 0.142 0.923 -0.215 0.122 0.244 0.122 103.123 -8.751 -102.755 
WTarm2up 738974719 2021-11-17 11:58:35.025054 -0.272 -1.145 -0.016 -1.343 0.977 0.0 -90.324 13.881 14.464 
WTarm2 738974774 2021-11-17 11:58:35.029050 0.003 0.914 -0.074 4.333 -0.305 -0.183 94.922 -0.143 -37.963 
WTarm1up 738974795 2021-11-17 11:58:35.032041 -0.268 1.015 -0.132 -1.343 1.892 -0.916 97.575 12.222 115.104 
WTleg1 738974809 2021-11-17 11:58:35.034992 -0.039 1.002 -0.086 -0.305 1.404 -0.671 94.872 2.252 75.229 
WTleg2 738974818 2021-11-17 11:58:35.090777 0.148 0.923 -0.215 0.305 1.099 0.305 103.156 -8.778 -102.728 
WTarm2up 738974836 2021-11-17 11:58:35.136987 -0.29 -1.144 -0.019 -0.977 1.892 0.061 -90.478 13.848 14.271 
WTarm2 738974880 2021-11-17 11:58:35.140976 0.001 0.912 -0.076 0.427 -0.977 0.061 95.07 -0.137 -38.046 
WTleg1 738974901 2021-11-17 11:58:35.144919 -0.048 1.002 -0.085 -0.061 -0.244 -0.366 94.856 2.313 75.322 
WTleg2 738974906 2021-11-17 11:58:35.147934 0.14 0.922 -0.22 0.305 -0.366 0.061 103.189 -8.784 -102.673 
WTarm2up 738974910 2021-11-17 11:58:35.150952 -0.286 -1.146 -0.022 -1.892 -1.465 0.427 -90.659 13.925 14.315 
WTarm1up 738974920 2021-11-17 11:58:35.205038 -0.244 1.018 -0.128 2.197 -1.221 -1.892 97.641 12.497 115.186 
WTarm2 738974970 2021-11-17 11:58:35.248239 0.003 0.908 -0.078 -0.732 0.305 0.061 95.043 -0.148 -38.084 
WTarm1up 738974988 2021-11-17 11:58:35.251281 -0.25 1.015 -0.125 -0.061 0.916 -0.977 97.679 12.7 115.34 
WTleg2 738975027 2021-11-17 11:58:35.303856 0.155 0.925 -0.22 0.305 0.122 0.732 103.233 -8.811 -102.777 
WTarm2up 738975044 2021-11-17 11:58:35.353959 -0.276 -1.15 -0.022 -1.038 -0.671 -0.366 -90.802 13.903 14.485 
WTarm2 738975075 2021-11-17 11:58:35.355964 0.005 0.914 -0.081 -0.366 0.732 -0.183 95.021 -0.17 -38.101 
WTarm1up 738975095 2021-11-17 11:58:35.356931 -0.256 1.013 -0.126 0.0 0.854 -0.183 97.635 12.81 115.582 
WTleg2 738975118 2021-11-17 11:58:35.402418 0.14 0.923 -0.218 0.183 0.0 0.427 103.271 -8.877 -102.766 
WTleg1 738975125 2021-11-17 11:58:35.433321 -0.042 1.004 -0.086 -0.244 0.549 -0.549 94.834 2.357 75.289 
WTleg1 738975132 2021-11-17 11:58:35.437309 -0.038 1.002 -0.082 -0.671 0.854 -0.488 94.796 2.373 75.317 
WTarm2up 738975148 2021-11-17 11:58:35.440302 -0.28 -1.141 -0.023 -0.366 0.244 0.061 -90.851 13.859 14.535 
WTleg2 738975208 2021-11-17 11:58:35.443293 0.141 0.922 -0.225 0.122 0.366 0.61 103.299 -8.91 -102.656 
WTarm2 738975214 2021-11-17 11:58:35.446287 0.001 0.917 -0.082 -0.244 0.305 0.244 94.927 -0.192 -38.046 
WTleg1 738975217 2021-11-17 11:58:35.449241 -0.049 1.003 -0.082 -0.488 0.183 -0.793 94.741 2.439 75.35 
WTarm1up 738975244 2021-11-17 11:58:35.503326 -0.243 1.02 -0.125 0.122 0.732 0.061 97.597 12.859 115.703 
WTarm2up 738975253 2021-11-17 11:58:35.539544 -0.284 -1.147 -0.024 -0.366 -0.977 -0.305 -90.901 13.87 14.617 
WTleg1 738975308 2021-11-17 11:58:35.542535 -0.046 1.003 -0.081 -0.183 0.0 -1.221 94.708 2.538 75.333 
WTarm2up 738975313 2021-11-17 11:58:35.544530 -0.274 -1.146 -0.021 0.305 -0.732 -0.732 -90.873 13.782 14.793 
WTarm2 738975321 2021-11-17 11:58:35.614976 0.004 0.911 -0.079 0.854 -0.061 0.061 94.955 -0.209 -38.046 
WTarm1up 738975326 2021-11-17 11:58:35.650307 -0.248 1.013 -0.127 -0.305 0.854 0.0 97.553 12.914 115.928 
WTleg2 738975331 2021-11-17 11:58:35.653300 0.149 0.924 -0.218 0.122 1.526 0.61 103.299 -9.003 -102.612 
WTarm2 738975377 2021-11-17 11:58:35.656293 0.002 0.914 -0.08 0.305 0.305 0.305 95.026 -0.247 -38.007 
WTarm1up 738975381 2021-11-17 11:58:35.659285 -0.251 1.009 -0.123 -0.244 1.038 -0.671 97.493 12.98 116.115 
WTleg1 738975384 2021-11-17 11:58:35.663307 -0.055 1.001 -0.085 0.0 0.305 -1.099 94.669 2.648 75.355 
WTleg2 738975418 2021-11-17 11:58:35.666316 0.158 0.923 -0.221 0.0 1.465 0.61 103.288 -9.075 -102.458 
WTarm2up 738975422 2021-11-17 11:58:35.715462 -0.282 -1.144 -0.026 0.061 -0.305 0.183 -90.862 13.766 14.854 
WTarm2 738975483 2021-11-17 11:58:35.746770 0.006 0.915 -0.079 0.671 0.305 0.488 95.081 -0.286 -38.002 
WTarm1up 738975487 2021-11-17 11:58:35.750722 -0.253 1.009 -0.128 0.183 1.343 -0.061 97.504 13.057 116.389 
WTleg1 738975489 2021-11-17 11:58:35.754748 -0.054 1.001 -0.083 0.0 -0.305 -1.282 94.653 2.796 75.262 
WTarm2up 738975507 2021-11-17 11:58:35.757756 -0.272 -1.147 -0.022 0.305 -0.183 -0.183 -90.857 13.755 14.936 
WTleg2 738975553 2021-11-17 11:58:35.834809 0.159 0.922 -0.225 0.0 1.038 1.343 103.288 -9.229 -102.382 
WTarm1up 738975573 2021-11-17 11:58:35.866722 -0.256 1.014 -0.131 0.61 0.793 -0.122 97.597 13.134 116.592 
WTarm2 738975586 2021-11-17 11:58:35.868717 0.007 0.912 -0.075 0.122 1.282 0.0 95.092 -0.335 -37.963 
WTleg1 738975607 2021-11-17 11:58:35.869725 -0.05 1.003 -0.077 -0.183 0.427 -0.732 94.642 2.895 75.3 
WTleg2 738975627 2021-11-17 11:58:35.913947 0.146 0.922 -0.218 0.183 1.831 0.183 103.271 -9.36 -102.255 
WTarm2up 738975632 2021-11-17 11:58:35.967322 -0.28 -1.143 -0.027 -0.122 1.16 0.61 -90.89 13.771 14.832 
WTleg1 738975683 2021-11-17 11:58:35.969317 -0.056 1.001 -0.08 -0.427 1.038 0.244 94.603 2.906 75.35 
WTarm2 738975687 2021-11-17 11:58:35.970279 0.007 0.91 -0.075 -0.732 2.563 0.0 94.938 -0.363 -37.771 
WTarm1up 738975694 2021-11-17 11:58:35.972306 -0.261 1.013 -0.128 0.671 0.671 -2.38 97.679 13.354 116.768 
WTleg2 738975732 2021-11-17 11:58:36.012484 0.158 0.924 -0.225 0.183 1.526 -0.793 103.299 -9.322 -102.025 
WTarm2up 738975746 2021-11-17 11:58:36.052612 -0.287 -1.143 -0.032 -1.16 -0.427 0.549 -91.011 13.87 14.771 
WTarm1up 738975769 2021-11-17 11:58:36.055603 -0.273 1.009 -0.132 1.77 1.526 -2.869 97.795 13.629 117.037 
WTarm2up 738975825 2021-11-17 11:58:36.117131 -0.28 -1.147 -0.029 -0.854 -0.671 -0.183 -91.121 13.87 14.865 
WTarm2 738975829 2021-11-17 11:58:36.165931 0.006 0.911 -0.076 -0.183 1.587 0.122 94.839 -0.396 -37.634 
WTleg2 738975837 2021-11-17 11:58:36.169947 0.15 0.921 -0.225 0.122 0.61 -0.61 103.321 -9.283 -101.915 
WTleg1 738975844 2021-11-17 11:58:36.173914 -0.055 1.001 -0.076 -0.488 1.404 0.061 94.559 2.889 75.531 
WTarm1up 738975891 2021-11-17 11:58:36.176901 -0.271 1.01 -0.136 0.488 2.991 -4.944 97.894 14.041 117.361 
WTleg2 738975911 2021-11-17 11:58:36.180894 0.152 0.922 -0.226 0.122 0.305 0.0 103.332 -9.25 -101.838 
WTleg1 738975922 2021-11-17 11:58:36.184935 -0.062 1.001 -0.081 -0.183 0.916 0.122 94.537 2.9 75.668 
WTarm2up 738975928 2021-11-17 11:58:36.215841 -0.28 -1.146 -0.029 -0.61 -0.427 0.0 -91.192 13.865 14.914 
WTarm2 738975958 2021-11-17 11:58:36.255304 0.005 0.912 -0.082 -0.488 1.038 0.427 94.768 -0.423 -37.535 
WTarm1up 738975979 2021-11-17 11:58:36.260339 -0.365 1.047 -0.107 -16.663 1.465 -14.771 97.322 14.897 117.801 
WTleg1 738975983 2021-11-17 11:58:36.264332 -0.053 1.0 -0.087 0.366 -0.183 -0.549 94.543 2.944 75.707 
WTarm2 738976035 2021-11-17 11:58:36.318022 0.005 0.916 -0.083 -2.319 -0.916 0.916 94.724 -0.472 -37.524 
WTleg2 738976062 2021-11-17 11:58:36.354332 0.151 0.92 -0.212 -0.183 0.427 0.793 103.321 -9.283 -101.909 
WTarm2up 738976068 2021-11-17 11:58:36.356331 -0.294 -1.155 -0.028 0.61 0.793 -0.061 -91.203 13.859 14.985 
WTarm1up 738976076 2021-11-17 11:58:36.358325 -0.591 1.086 0.011 -33.081 -18.188 -57.434 94.147 18.649 118.29 
WTarm2 738976083 2021-11-17 11:58:36.360320 0.005 0.913 -0.058 -2.136 -0.916 0.122 94.587 -0.511 -37.568 
WTarm2up 738976125 2021-11-17 11:58:36.361319 -0.29 -1.126 -0.038 1.709 3.418 -1.282 -91.154 13.799 14.683 
WTleg1 738976160 2021-11-17 11:58:36.417383 -0.043 1.002 -0.083 -0.61 1.587 -1.099 94.565 3.005 75.811 
WTarm1up 738976176 2021-11-17 11:58:36.473797 -0.68 1.034 0.063 -50.659 -11.963 -108.459 89.495 27.252 117.361 
WTleg1 738976180 2021-11-17 11:58:36.476759 -0.063 1.002 -0.084 -1.343 1.526 0.0 94.477 3.032 75.992 
WTarm2 738976188 2021-11-17 11:58:36.480745 0.009 0.914 -0.065 -3.662 -1.099 0.183 94.246 -0.472 -37.546 
WTleg2 738976197 2021-11-17 11:58:36.484737 0.158 0.922 -0.215 0.427 0.305 -1.465 103.332 -9.201 -101.975 
WTarm2up 738976202 2021-11-17 11:58:36.487776 -0.286 -1.144 -0.034 -1.648 -2.197 -0.793 -91.258 13.76 14.634 
WTleg2 738976210 2021-11-17 11:58:36.491716 0.167 0.925 -0.221 0.488 0.427 -0.244 103.442 -9.163 -101.816 
WTleg1 738976297 2021-11-17 11:58:36.527593 -0.073 1.0 -0.073 -1.099 1.038 -0.549 94.351 3.098 76.075 
WTarm2up 738976302 2021-11-17 11:58:36.533605 -0.257 -1.164 -0.038 -1.526 -0.427 0.122 -91.45 13.7 14.87 
WTleg2 738976317 2021-11-17 11:58:36.535633 0.136 0.921 -0.236 0.977 0.366 0.61 103.557 -9.24 -101.695 
WTarm2 738976327 2021-11-17 11:58:36.537592 0.01 0.915 -0.059 -2.808 -1.648 0.793 93.933 -0.505 -37.452 
WTarm1up 738976331 2021-11-17 11:58:36.540585 -0.67 0.942 0.076 -59.082 -10.376 -125.427 82.881 39.26 115.911 
WTarm1up 738976370 2021-11-17 11:58:36.619842 -0.647 0.721 0.08 -56.335 42.542 -128.174 74.8 51.081 111.813 
WTarm2 738976396 2021-11-17 11:58:36.656060 0.009 0.915 -0.048 -6.287 -4.517 1.16 93.477 -0.621 -37.656 
WTarm2up 738976409 2021-11-17 11:58:36.658056 -0.28 -1.152 -0.047 1.953 5.615 -1.526 -91.511 13.541 14.568 
WTleg1 738976413 2021-11-17 11:58:36.661047 -0.053 1.0 -0.066 -0.366 -0.61 0.305 94.285 3.137 76.124 
WTleg2 738976438 2021-11-17 11:58:36.721912 0.148 0.92 -0.224 -0.122 -1.343 0.427 103.64 -9.229 -101.805 
WTarm1up 738976474 2021-11-17 11:58:36.722881 -0.973 0.494 0.06 -35.461 61.768 -124.084 75.256 65.11 117.065 
WTleg1 738976478 2021-11-17 11:58:36.761777 -0.053 1.002 -0.069 -0.183 -2.319 1.526 94.235 3.038 75.965 
WTarm2 738976499 2021-11-17 11:58:36.763771 0.031 0.915 -0.052 -15.015 -2.319 4.333 92.631 -0.786 -37.996 
WTleg2 738976526 2021-11-17 11:58:36.764769 0.162 0.919 -0.239 0.0 -1.099 0.0 103.711 -9.201 -101.948 
WTarm2up 738976530 2021-11-17 11:58:36.765779 -0.254 -1.142 -0.038 0.244 4.15 0.183 -91.511 13.447 14.167 
WTarm2 738976591 2021-11-17 11:58:36.828186 0.038 0.912 -0.005 -8.789 7.446 4.639 91.219 -1.318 -37.694 
WTleg2 738976694 2021-11-17 11:58:36.924140 0.153 0.918 -0.234 -0.854 -3.174 -0.488 103.727 -9.135 -102.151 
WTarm1up 738976698 2021-11-17 11:58:36.971469 -0.777 0.332 0.011 -12.146 16.174 -85.388 73.191 75.778 116.719 
WTarm2up 738976707 2021-11-17 11:58:36.972504 -0.263 -1.138 -0.038 0.549 8.179 -1.831 -91.67 13.365 13.59 
WTarm1up 738976713 2021-11-17 11:58:36.973501 -0.912 0.167 0.017 -0.549 9.521 -47.485 74.224 82.656 118.092 
WTarm2 738976723 2021-11-17 11:58:36.975475 0.034 0.916 0.001 -3.052 8.24 6.775 90.527 -1.95 -37.117 
WTleg1 738976731 2021-11-17 11:58:36.977458 -0.064 1.002 -0.067 0.854 -2.258 1.648 94.213 2.917 75.778 
WTleg1 738976735 2021-11-17 11:58:36.978459 -0.043 1.003 -0.075 1.892 -1.648 1.404 94.356 2.807 75.531 
WTarm2up 738976757 2021-11-17 11:58:37.026489 -0.28 -1.142 -0.048 -0.366 6.897 -2.93 -91.873 13.09 12.75 
WTarm1up 738976761 2021-11-17 11:58:37.057994 -0.837 0.102 0.042 6.958 0.122 -15.32 61.188 85.248 104.293 
WTleg2 738976767 2021-11-17 11:58:37.060016 0.154 0.922 -0.223 -1.16 -0.61 -1.526 103.634 -9.009 -102.327 
WTarm2 738976784 2021-11-17 11:58:37.061014 0.031 0.907 0.008 4.333 0.0 2.747 90.385 -2.477 -36.766 
WTleg1 738976805 2021-11-17 11:58:37.062011 -0.039 1.002 -0.083 1.77 -0.488 1.038 94.537 2.659 75.416 
WTleg2 738976844 2021-11-17 11:58:37.127053 0.146 0.924 -0.218 -1.282 1.404 -1.282 103.508 -8.91 -102.233 
WTarm2up 738976848 2021-11-17 11:58:37.164821 -0.274 -1.151 -0.049 -3.418 0.061 -2.38 -92.175 12.838 12.266 
WTarm1up 738976864 2021-11-17 11:58:37.167813 -0.933 0.071 0.05 7.69 -12.207 4.15 57.925 85.693 100.206 
WTarm2 738976889 2021-11-17 11:58:37.169809 0.031 0.917 -0.002 2.014 -0.427 0.488 90.703 -2.571 -36.788 
WTarm2up 738976902 2021-11-17 11:58:37.170805 -0.271 -1.165 -0.051 -1.587 0.427 0.0 -92.483 12.744 12.195 
WTleg1 738976909 2021-11-17 11:58:37.173798 -0.05 1.001 -0.091 1.587 2.014 -0.122 94.724 2.593 75.493 
WTleg2 738976917 2021-11-17 11:58:37.174795 0.136 0.925 -0.213 -0.427 0.977 -0.122 103.359 -8.828 -102.162 
WTarm1up 738976986 2021-11-17 11:58:37.229648 -0.96 0.117 0.089 0.61 -2.136 10.193 57.579 84.622 99.201 
WTleg1 738977001 2021-11-17 11:58:37.231644 -0.05 1.003 -0.088 -0.488 -0.793 0.977 94.812 2.554 75.542 
WTarm2up 738977009 2021-11-17 11:58:37.234635 -0.232 -1.163 -0.05 -0.793 2.075 1.77 -92.56 12.805 12.195 
WTarm2 738977012 2021-11-17 11:58:37.235634 0.026 0.91 -0.011 1.953 -7.996 -0.732 90.917 -2.51 -37.211 
WTleg2 738977040 2021-11-17 11:58:37.237636 0.137 0.925 -0.215 -0.366 -2.991 0.854 103.343 -8.795 -102.31 
WTarm1up 738977060 2021-11-17 11:58:37.332374 -0.959 0.126 0.006 1.282 8.423 15.137 67.187 83.595 108.781 
WTleg1 738977074 2021-11-17 11:58:37.364288 -0.054 1.002 -0.083 -0.549 -2.808 1.282 94.735 2.466 75.278 
WTarm2 738977087 2021-11-17 11:58:37.367281 0.043 0.91 -0.013 1.831 -6.775 -1.709 91.154 -2.357 -37.947 
WTarm2up 738977114 2021-11-17 11:58:37.370278 -0.272 -1.147 -0.051 2.93 4.944 -0.244 -92.521 12.821 11.656 
WTleg2 738977142 2021-11-17 11:58:37.373265 0.156 0.921 -0.226 0.0 -1.77 0.793 103.392 -8.828 -102.596 
WTarm1up 738977165 2021-11-17 11:58:37.435099 -0.888 0.152 0.024 3.052 -1.404 30.762 74.07 81.145 115.219 
WTleg1 738977179 2021-11-17 11:58:37.491946 -0.032 1.004 -0.08 0.244 -0.244 -0.122 94.708 2.444 75.13 
WTarm2up 738977203 2021-11-17 11:58:37.493942 -0.283 -1.153 -0.068 1.404 -0.854 0.183 -92.417 12.898 11.398 
WTarm2 738977206 2021-11-17 11:58:37.495947 0.049 0.91 -0.02 6.042 -4.395 -1.831 91.533 -2.214 -38.441 
WTleg2 738977246 2021-11-17 11:58:37.497931 0.142 0.923 -0.218 -0.061 1.343 0.0 103.376 -8.888 -102.629 
WTarm1up 738977253 2021-11-17 11:58:37.530842 -0.848 0.22 -0.003 20.63 5.798 46.936 82.755 77.355 122.805 
WTarm2up 738977310 2021-11-17 11:58:37.586695 -0.271 -1.143 -0.053 0.244 -6.775 0.61 -92.307 12.997 11.64 
WTleg2 738977325 2021-11-17 11:58:37.590683 0.158 0.924 -0.224 0.0 2.869 -0.61 103.332 -8.877 -102.382 
WTarm2 738977328 2021-11-17 11:58:37.593675 0.035 0.908 -0.028 3.357 2.197 -3.662 92.038 -1.928 -38.342 
WTarm2up 738977415 2021-11-17 11:58:37.636565 -0.232 -1.151 -0.033 -1.404 -6.592 0.366 -92.247 13.096 12.491 
WTleg1 738977419 2021-11-17 11:58:37.669486 -0.032 1.002 -0.078 -0.061 2.258 -0.061 94.719 2.417 75.306 
WTleg2 738977427 2021-11-17 11:58:37.672464 0.145 0.92 -0.223 -0.916 2.747 0.244 103.271 -8.965 -102.09 
WTarm2 738977430 2021-11-17 11:58:37.674459 0.034 0.927 -0.042 3.479 4.822 -1.282 92.428 -1.708 -37.958 
WTleg1 738977434 2021-11-17 11:58:37.675457 -0.05 1.005 -0.078 -0.061 1.831 -0.488 94.719 2.428 75.504 
WTarm1up 738977465 2021-11-17 11:58:37.729310 -0.855 0.476 -0.009 16.907 25.696 78.308 92.192 70.812 130.402 
WTarm1up 738977478 2021-11-17 11:58:37.762222 -0.936 0.617 -0.022 3.723 31.372 103.821 97.888 60.452 133.44 
WTleg1 738977494 2021-11-17 11:58:37.763220 -0.055 1.003 -0.077 2.075 2.991 -0.977 94.807 2.516 75.795 
WTarm2 738977503 2021-11-17 11:58:37.764217 0.024 0.918 -0.042 1.038 2.686 0.427 92.741 -1.681 -37.502 
WTleg2 738977531 2021-11-17 11:58:37.766212 0.117 0.923 -0.218 -1.16 0.183 0.061 103.134 -8.959 -101.871 
WTarm2up 738977535 2021-11-17 11:58:37.767210 -0.262 -1.141 -0.051 -0.488 0.488 1.77 -92.197 13.101 12.997 
WTarm1up 738977555 2021-11-17 11:58:37.836825 -0.868 0.65 -0.075 20.569 -24.17 139.465 97.96 47.741 130.869 
WTleg1 738977569 2021-11-17 11:58:37.866815 -0.061 0.998 -0.092 1.16 -3.357 1.404 94.96 2.532 75.718 
WTarm2 738977595 2021-11-17 11:58:37.867803 0.02 0.917 -0.05 6.104 -3.784 -1.953 93.049 -1.511 -37.584 
WTleg2 738977654 2021-11-17 11:58:37.930218 0.144 0.928 -0.21 -1.16 -5.31 0.732 103.068 -8.877 -102.244 
WTarm2up 738977659 2021-11-17 11:58:37.960140 -0.283 -1.16 -0.063 3.052 3.357 1.099 -92.049 13.217 12.827 
WTarm1up 738977691 2021-11-17 11:58:37.962134 -0.695 0.804 -0.108 28.198 -28.259 135.132 96.921 34.678 125.76 
WTarm2 738977729 2021-11-17 11:58:37.964129 0.023 0.912 -0.06 4.517 -6.104 -1.892 93.345 -1.247 -38.21 
WTarm2up 738977743 2021-11-17 11:58:37.965125 -0.31 -1.166 -0.047 5.127 3.357 1.892 -91.675 13.326 12.497 
WTleg2 738977761 2021-11-17 11:58:38.032308 0.15 0.926 -0.209 -0.61 -4.272 0.977 103.046 -8.904 -102.772 
WTarm1up 738977779 2021-11-17 11:58:38.061755 -0.675 0.912 -0.057 14.465 -27.832 94.482 96.68 24.225 122.558 
WTleg1 738977796 2021-11-17 11:58:38.063766 -0.059 0.997 -0.102 0.977 -5.188 1.953 95.01 2.401 75.19 
WTleg1 738977800 2021-11-17 11:58:38.064745 -0.04 0.999 -0.097 0.793 -1.587 0.0 95.059 2.346 74.762 
WTarm2up 738977816 2021-11-17 11:58:38.066773 -0.312 -1.105 -0.04 7.08 4.395 1.099 -91.159 13.585 12.162 
WTleg2 738977831 2021-11-17 11:58:38.067738 0.146 0.926 -0.208 0.122 -0.244 1.526 103.03 -9.009 -103.024 
WTarm2 738977834 2021-11-17 11:58:38.068768 0.028 0.906 -0.065 0.549 -0.793 -1.831 93.697 -1.055 -38.589 
WTarm1up 738977870 2021-11-17 11:58:38.141548 -0.497 1.004 -0.12 32.532 7.751 59.448 98.778 17.243 120.372 
WTarm2 738977894 2021-11-17 11:58:38.171216 0.017 0.912 -0.062 1.648 0.061 -1.221 93.917 -0.901 -38.738 
WTleg1 738977900 2021-11-17 11:58:38.173179 -0.025 1.001 -0.08 -0.916 -0.549 -0.671 95.048 2.368 74.652 
WTarm2up 738977940 2021-11-17 11:58:38.174142 -0.266 -1.144 -0.02 -1.343 -9.338 0.854 -90.824 13.749 12.788 
WTarm1up 738977944 2021-11-17 11:58:38.175140 -0.356 1.04 -0.118 2.747 -24.353 29.724 99.838 13.898 118.592 
WTleg2 738977950 2021-11-17 11:58:38.177163 0.152 0.924 -0.213 -0.061 4.211 -0.488 103.013 -9.086 -102.865 
WTleg1 738978008 2021-11-17 11:58:38.240366 -0.032 1.002 -0.087 -0.305 3.967 -0.671 95.032 2.379 74.976 
WTarm2 738978043 2021-11-17 11:58:38.275166 0.009 0.917 -0.064 1.465 5.188 -0.061 94.048 -0.884 -38.139 
WTleg2 738978074 2021-11-17 11:58:38.341465 0.145 0.925 -0.211 0.244 4.211 -0.244 102.92 -9.102 -102.382 
WTarm2up 738978079 2021-11-17 11:58:38.371916 -0.281 -1.152 -0.029 -0.916 -3.601 2.441 -90.862 13.925 13.271 
WTarm1up 738978095 2021-11-17 11:58:38.373896 -0.312 0.996 -0.179 4.333 -25.33 7.263 99.196 12.876 116.219 
WTleg2 738978132 2021-11-17 11:58:38.374894 0.148 0.924 -0.216 0.244 0.61 0.549 102.909 -9.174 -102.173 
WTarm1up 738978139 2021-11-17 11:58:38.376888 -0.191 1.012 -0.119 -2.808 -5.737 -2.991 98.734 13.304 114.263 
WTleg1 738978143 2021-11-17 11:58:38.379880 -0.07 1.001 -0.09 -0.793 -1.221 -0.793 94.982 2.461 75.059 
WTarm2 738978150 2021-11-17 11:58:38.382920 0.011 0.915 -0.067 -0.427 2.197 -0.916 94.065 -0.769 -38.013 
WTarm2up 738978163 2021-11-17 11:58:38.440127 -0.278 -1.145 -0.021 0.183 -0.916 -0.732 -90.846 14.002 13.552 
WTarm2up 738978196 2021-11-17 11:58:38.474976 -0.268 -1.14 -0.026 -0.671 2.319 0.183 -90.884 13.925 13.53 
WTarm2 738978200 2021-11-17 11:58:38.477974 0.013 0.914 -0.059 -0.305 0.427 0.671 93.922 -0.786 -37.892 
WTleg1 738978215 2021-11-17 11:58:38.480961 -0.057 1.001 -0.081 -0.488 -1.099 -0.122 94.927 2.538 75.037 
WTleg2 738978234 2021-11-17 11:58:38.483954 0.156 0.923 -0.222 -0.244 -0.732 0.671 102.942 -9.234 -102.151 
WTarm1up 738978243 2021-11-17 11:58:38.486943 -0.294 0.998 -0.148 -2.258 9.521 -0.183 98.536 13.365 115.076 
WTleg1 738978276 2021-11-17 11:58:38.545534 -0.039 1.001 -0.087 0.366 -1.404 0.183 94.927 2.538 74.817 
WTarm2 738978298 2021-11-17 11:58:38.594785 0.013 0.904 -0.058 -0.244 1.465 0.916 93.774 -0.873 -37.766 
WTarm2up 738978313 2021-11-17 11:58:38.597777 -0.292 -1.141 -0.034 -0.488 3.052 -1.831 -91.066 13.832 13.184 
WTarm1up 738978348 2021-11-17 11:58:38.600807 -0.302 1.014 -0.145 -1.953 -5.005 -1.953 98.372 13.618 115.378 
WTleg2 738978356 2021-11-17 11:58:38.603810 0.156 0.925 -0.22 0.305 0.854 0.0 102.92 -9.256 -102.14 
WTleg1 738978396 2021-11-17 11:58:38.649980 -0.052 1.003 -0.083 0.427 0.671 -0.122 94.922 2.543 74.916 
WTarm2up 738978402 2021-11-17 11:58:38.678902 -0.291 -1.148 -0.028 -0.854 -1.953 -2.319 -91.17 13.656 13.063 
WTarm2 738978418 2021-11-17 11:58:38.680925 0.01 0.909 -0.055 3.174 0.977 1.404 93.933 -1.005 -37.661 
WTleg2 738978431 2021-11-17 11:58:38.681894 0.152 0.923 -0.218 -0.244 -0.305 0.183 102.936 -9.261 -102.085 
WTarm1up 738978467 2021-11-17 11:58:38.741734 -0.262 1.005 -0.13 -3.906 -8.118 -0.488 97.872 13.958 114.714 
WTleg1 738978499 2021-11-17 11:58:38.778636 -0.046 1.002 -0.084 0.549 0.061 0.0 94.927 2.576 74.888 
WTarm2up 738978522 2021-11-17 11:58:38.779661 -0.253 -1.148 -0.029 -1.099 0.488 -3.723 -91.225 13.337 13.282 
WTarm2 738978525 2021-11-17 11:58:38.781656 0.019 0.916 -0.057 2.991 0.488 2.136 94.351 -1.214 -37.683 
WTleg2 738978538 2021-11-17 11:58:38.782624 0.154 0.925 -0.206 -0.366 -0.488 -0.427 102.903 -9.234 -102.09 
WTarm1up 738978545 2021-11-17 11:58:38.783623 -0.279 1.0 -0.112 -3.601 -1.831 -1.221 97.267 14.112 114.324 
WTleg1 738978574 2021-11-17 11:58:38.854245 -0.055 1.001 -0.093 -0.488 0.488 0.305 94.977 2.554 74.916 
WTarm2 738978598 2021-11-17 11:58:38.887157 0.019 0.912 -0.075 1.831 -0.305 1.404 94.62 -1.384 -37.672 
WTarm2up 738978611 2021-11-17 11:58:38.889150 -0.28 -1.161 -0.044 -0.244 3.235 -2.136 -91.401 13.013 12.942 
WTarm1up 738978632 2021-11-17 11:58:38.890147 -0.285 0.994 -0.105 -0.916 -1.709 -0.549 96.905 14.315 114.296 
WTleg2 738978655 2021-11-17 11:58:38.891146 0.155 0.925 -0.212 0.244 -0.061 -0.549 102.92 -9.163 -102.107 
WTleg1 738978679 2021-11-17 11:58:38.942321 -0.052 1.001 -0.094 -0.366 0.0 0.366 94.955 2.543 74.971 
WTarm2up 738978702 2021-11-17 11:58:38.973691 -0.276 -1.161 -0.052 0.732 -2.686 0.0 -91.439 12.942 12.854 
WTarm2 738978705 2021-11-17 11:58:38.975690 0.025 0.913 -0.074 0.244 0.061 -0.366 94.735 -1.423 -37.678 
WTleg2 738978732 2021-11-17 11:58:38.976688 0.15 0.924 -0.213 0.977 -0.977 -0.122 102.964 -9.113 -102.178 
WTarm1up 738978739 2021-11-17 11:58:38.978701 -0.285 1.004 -0.106 1.709 4.15 0.244 96.91 14.403 114.5 
