WTleg1 739177370 2021-11-17 12:01:57.654584 -0.043 1.0 -0.111 0.427 1.77 0.793 96.367 2.313 65.105 
WTarm2up 739177394 2021-11-17 12:01:57.656578 -0.312 -1.137 -0.019 -0.793 -2.197 -0.549 -90.016 15.375 4.202 
WTarm1up 739177413 2021-11-17 12:01:57.657575 -0.236 1.023 -0.103 -0.671 4.089 -0.977 95.768 11.898 110.555 
WTarm2 739177440 2021-11-17 12:01:57.658572 -0.03 0.914 -0.088 0.977 1.404 0.366 94.774 1.67 -43.781 
WTleg2 739177468 2021-11-17 12:01:57.750813 0.172 0.926 -0.208 -0.854 0.854 0.061 103.475 -8.888 -112.231 
WTarm2up 739177470 2021-11-17 12:01:57.786944 -0.296 -1.15 -0.008 -1.77 -0.61 0.0 -90.17 15.304 4.471 
WTleg1 739177481 2021-11-17 12:01:57.791932 -0.038 1.001 -0.107 0.305 0.977 0.366 96.411 2.219 65.187 
WTarm1up 739177487 2021-11-17 12:01:57.796960 -0.241 1.025 -0.104 -0.366 -2.38 0.244 95.757 12.008 110.55 
WTarm2 739177545 2021-11-17 12:01:57.801940 -0.028 0.915 -0.085 2.075 1.16 0.366 95.043 1.609 -43.753 
WTleg1 739177564 2021-11-17 12:01:57.851545 -0.027 1.002 -0.106 0.183 0.916 0.61 96.432 2.148 65.424 
WTarm2up 739177571 2021-11-17 12:01:57.885574 -0.301 -1.146 -0.02 0.305 1.587 -0.366 -90.247 15.244 4.477 
WTleg2 739177587 2021-11-17 12:01:57.890598 0.144 0.926 -0.207 -0.488 0.916 0.122 103.354 -8.987 -111.989 
WTarm1up 739177610 2021-11-17 12:01:57.895591 -0.236 1.021 -0.096 -0.671 -0.183 0.122 95.669 12.036 110.325 
WTarm2 739177635 2021-11-17 12:01:57.899537 -0.026 0.907 -0.089 1.16 0.183 0.122 95.164 1.599 -43.759 
WTarm2up 739177664 2021-11-17 12:01:57.904565 -0.304 -1.137 -0.021 0.0 -0.244 -0.427 -90.264 15.205 4.422 
WTleg1 739177672 2021-11-17 12:01:57.948309 -0.035 1.0 -0.104 -0.061 0.0 0.549 96.422 2.071 65.479 
WTleg2 739177682 2021-11-17 12:01:57.979783 0.154 0.927 -0.208 -0.366 1.099 -0.793 103.255 -8.959 -111.89 
WTarm1up 739177698 2021-11-17 12:01:57.982774 -0.241 1.03 -0.101 -0.732 1.099 0.549 95.647 12.074 110.308 
WTarm2 739177740 2021-11-17 12:01:57.984769 -0.028 0.911 -0.085 -0.183 0.671 -0.122 95.356 1.599 -43.792 
WTarm2up 739177752 2021-11-17 12:01:57.986764 -0.302 -1.137 -0.013 0.0 -2.197 -0.977 -90.231 15.095 4.631 
WTleg1 739177760 2021-11-17 12:01:57.989755 -0.033 0.999 -0.103 -0.183 0.61 0.793 96.427 1.978 65.539 
WTarm1up 739177788 2021-11-17 12:01:58.050041 -0.23 1.021 -0.101 -0.793 1.16 0.427 95.576 12.057 110.308 
WTleg2 739177800 2021-11-17 12:01:58.102222 0.162 0.93 -0.198 -0.549 -0.793 -1.343 103.195 -8.882 -111.912 
WTarm2 739177844 2021-11-17 12:01:58.107208 -0.043 0.92 -0.096 0.916 -1.526 -0.549 95.554 1.631 -43.94 
WTleg1 739177866 2021-11-17 12:01:58.112195 -0.027 1.006 -0.128 -1.892 2.991 0.61 96.246 1.824 65.786 
WTleg2 739177870 2021-11-17 12:01:58.152239 0.159 0.926 -0.204 0.183 -1.526 0.244 103.134 -8.866 -111.967 
WTarm1up 739177893 2021-11-17 12:01:58.185151 -0.233 1.027 -0.109 -0.916 0.183 1.221 95.526 12.003 110.325 
WTarm2up 739177918 2021-11-17 12:01:58.188142 -0.313 -1.157 -0.014 1.099 -1.465 -0.427 -90.159 15.029 4.785 
WTarm2 739177950 2021-11-17 12:01:58.191135 -0.033 0.898 -0.099 2.136 0.244 -0.549 95.63 1.774 -44.154 
WTleg1 739177972 2021-11-17 12:01:58.255206 -0.037 0.998 -0.112 -1.77 2.808 -0.244 96.18 1.769 65.984 
WTleg2 739177980 2021-11-17 12:01:58.288756 0.147 0.925 -0.202 -0.854 -3.845 1.16 103.057 -8.888 -112.335 
WTarm2up 739177998 2021-11-17 12:01:58.290752 -0.295 -1.128 0.001 0.732 -0.427 -0.366 -90.011 14.991 4.96 
WTarm1up 739178002 2021-11-17 12:01:58.293745 -0.212 1.033 -0.103 0.305 0.488 1.648 95.559 11.876 110.16 
WTarm2 739178039 2021-11-17 12:01:58.296741 -0.019 0.916 -0.105 2.625 4.822 0.305 96.026 1.758 -43.912 
WTarm2up 739178054 2021-11-17 12:01:58.299727 -0.323 -1.132 -0.01 0.916 -1.404 -1.587 -89.918 14.886 4.938 
WTleg2 739178066 2021-11-17 12:01:58.301723 0.146 0.926 -0.203 0.122 1.831 -0.732 103.035 -8.893 -112.451 
WTarm1up 739178104 2021-11-17 12:01:58.356818 -0.208 1.033 -0.082 -1.16 2.747 0.122 95.51 11.7 110.165 
WTleg1 739178108 2021-11-17 12:01:58.388794 -0.042 0.998 -0.097 0.305 2.258 -1.709 96.114 1.884 66.248 
WTleg1 739178167 2021-11-17 12:01:58.390793 -0.013 1.006 -0.092 -0.122 2.319 -0.854 96.097 1.983 66.5 
WTleg2 739178171 2021-11-17 12:01:58.392785 0.139 0.924 -0.207 -0.732 3.235 -2.075 102.958 -8.839 -111.978 
WTarm2up 739178174 2021-11-17 12:01:58.456788 -0.3 -1.138 -0.021 -2.014 -6.714 -1.038 -89.956 14.81 5.361 
WTarm2 739178182 2021-11-17 12:01:58.489616 -0.019 0.913 -0.101 1.648 5.249 1.038 96.229 1.599 -43.396 
WTarm1up 739178194 2021-11-17 12:01:58.492641 -0.24 1.022 -0.097 -3.113 6.287 -1.465 95.361 11.799 110.742 
WTarm2 739178249 2021-11-17 12:01:58.495633 -0.022 0.905 -0.105 0.671 4.395 1.16 96.339 1.401 -42.979 
WTleg1 739178270 2021-11-17 12:01:58.497628 -0.01 1.009 -0.076 -1.892 5.737 -0.122 96.01 1.945 67.006 
WTleg2 739178282 2021-11-17 12:01:58.560195 0.172 0.931 -0.206 0.854 5.676 -0.671 102.914 -8.8 -111.632 
WTarm2up 739178286 2021-11-17 12:01:58.597402 -0.274 -1.143 -0.012 -2.441 -6.165 -2.563 -90.077 14.568 6.158 
WTarm1up 739178288 2021-11-17 12:01:58.600393 -0.245 1.031 -0.095 -3.235 3.723 -1.16 95.186 11.964 111.193 
WTarm2 739178340 2021-11-17 12:01:58.603385 -0.036 0.909 -0.109 2.563 2.93 0.977 96.641 1.329 -42.984 
WTarm2up 739178353 2021-11-17 12:01:58.605380 -0.292 -1.149 0.007 -0.916 -3.113 -1.77 -90.148 14.326 6.663 
WTleg1 739178363 2021-11-17 12:01:58.608372 -0.054 1.004 -0.125 -1.709 3.54 -2.808 95.889 2.093 67.44 
WTleg2 739178368 2021-11-17 12:01:58.610400 0.158 0.924 -0.197 1.404 3.418 0.488 102.854 -8.976 -111.286 
WTarm1up 739178391 2021-11-17 12:01:58.658238 -0.218 1.021 -0.106 -3.174 -2.014 0.671 94.927 12.047 111.352 
WTarm2 739178445 2021-11-17 12:01:58.691150 -0.045 0.912 -0.111 2.747 3.601 1.892 97.042 1.208 -42.77 
WTarm2up 739178463 2021-11-17 12:01:58.692147 -0.311 -1.13 -0.004 -0.549 -1.343 -2.197 -90.104 14.161 6.713 
WTleg1 739178467 2021-11-17 12:01:58.694142 -0.044 1.001 -0.108 -2.869 4.7 -1.77 95.735 2.225 67.934 
WTleg2 739178470 2021-11-17 12:01:58.696136 0.152 0.929 -0.191 2.38 3.174 1.831 102.942 -9.19 -110.967 
WTarm1up 739178481 2021-11-17 12:01:58.759966 -0.223 1.033 -0.102 -2.014 2.502 -1.16 94.752 12.003 111.171 
WTarm2 739178550 2021-11-17 12:01:58.791195 -0.049 0.915 -0.127 0.427 2.441 2.197 97.147 1.077 -42.693 
WTarm2up 739178562 2021-11-17 12:01:58.793187 -0.309 -1.145 0.005 -3.113 -3.418 -1.099 -90.253 14.041 6.96 
WTarm1up 739178586 2021-11-17 12:01:58.866206 -0.195 1.038 -0.098 -1.648 1.465 -1.953 94.642 12.14 111.198 
WTleg2 739178599 2021-11-17 12:01:58.896168 0.194 0.928 -0.207 5.31 12.146 6.653 103.255 -9.767 -110.484 
WTleg1 739178603 2021-11-17 12:01:58.898174 -0.146 0.991 -0.141 0.549 7.08 -7.935 95.592 2.664 68.264 
WTarm2up 739178654 2021-11-17 12:01:58.899192 -0.305 -1.147 0.029 -5.249 -11.23 -0.854 -90.412 14.052 7.701 
WTleg1 739178668 2021-11-17 12:01:58.901186 -0.326 0.969 -0.158 6.287 9.277 -28.381 96.141 4.779 68.654 
WTarm2 739178672 2021-11-17 12:01:58.902184 -0.063 0.912 -0.162 4.333 3.54 5.859 97.663 0.807 -42.556 
WTleg2 739178684 2021-11-17 12:01:58.965768 0.203 0.915 -0.213 5.31 13.977 15.93 103.64 -11.157 -109.644 
WTarm1up 739178688 2021-11-17 12:01:58.996284 -0.179 1.04 -0.079 -3.479 5.798 -3.601 94.521 12.211 111.396 
WTarm2 739178746 2021-11-17 12:01:58.998282 -0.016 0.877 -0.219 7.935 6.287 9.338 98.597 0.06 -42.116 
WTarm2up 739178759 2021-11-17 12:01:58.999280 -0.283 -1.14 0.034 -5.92 -18.311 -2.197 -90.467 13.925 9.212 
WTleg1 739178769 2021-11-17 12:01:59.000276 -0.995 1.085 -0.275 -1.587 -66.406 -62.683 97.471 9.915 65.901 
WTleg2 739178772 2021-11-17 12:01:59.002272 0.218 0.888 -0.226 5.005 9.766 17.456 103.925 -13.112 -108.435 
WTarm1up 739178782 2021-11-17 12:01:59.066202 -0.205 1.054 -0.025 -11.108 10.62 -7.751 93.994 12.541 112.291 
WTarm2up 739178865 2021-11-17 12:01:59.096629 -0.253 -1.08 -0.015 1.038 -22.827 -7.385 -90.176 13.453 11.404 
WTarm2 739178870 2021-11-17 12:01:59.098627 0.125 0.895 -0.026 -10.132 24.963 6.897 98.937 -1.373 -40.034 
WTleg1 739178874 2021-11-17 12:01:59.100624 0.049 1.455 -0.209 20.752 59.143 -120.972 97.328 19.424 60.32 
WTarm1up 739178882 2021-11-17 12:01:59.165812 -0.202 1.046 -0.013 -11.047 34.973 -13.733 92.368 13.255 114.088 
WTleg2 739178905 2021-11-17 12:01:59.229899 0.194 0.959 -0.314 2.258 1.099 12.024 104.326 -14.782 -107.693 
WTarm2 739178956 2021-11-17 12:01:59.233891 0.088 0.943 -0.25 -1.099 24.17 13.977 98.822 -2.664 -38.886 
WTarm2up 739178968 2021-11-17 12:01:59.237877 -0.244 -1.211 -0.132 0.488 -9.277 -6.531 -90.302 12.81 13.162 
WTarm1up 739178975 2021-11-17 12:01:59.242824 -0.339 0.935 0.033 -26.184 39.062 -8.789 91.994 14.37 119.366 
WTleg1 739178978 2021-11-17 12:01:59.250837 -0.458 0.967 -0.228 19.165 -61.035 -151.855 100.761 32.492 64.457 
WTleg2 739178986 2021-11-17 12:01:59.316732 0.322 0.897 -0.216 -2.869 2.38 8.423 104.59 -15.375 -107.908 
WTarm2 739179045 2021-11-17 12:01:59.320721 0.003 0.944 -0.044 2.869 -18.311 5.737 98.042 -3.554 -38.782 
WTarm2up 739179058 2021-11-17 12:01:59.324710 -0.317 -1.09 -0.059 -6.714 -40.283 -8.85 -90.082 11.975 14.447 
WTleg2 739179070 2021-11-17 12:01:59.328700 0.263 0.924 -0.251 -2.197 -25.513 10.803 104.634 -16.26 -109.358 
WTarm1up 739179094 2021-11-17 12:01:59.395547 -0.316 0.959 -0.117 -21.79 69.214 -14.465 91.033 15.612 124.986 
WTleg1 739179097 2021-11-17 12:01:59.400534 -0.642 0.777 0.048 13.916 -87.708 -136.108 96.4 47.521 56.184 
WTarm2up 739179149 2021-11-17 12:01:59.404523 -0.14 -1.303 -0.03 -10.986 -40.71 7.935 -90.494 12.057 20.028 
WTarm2 739179153 2021-11-17 12:01:59.408512 0.043 0.901 -0.042 -29.541 -24.475 8.545 95.68 -4.235 -41.424 
WTleg1 739179156 2021-11-17 12:01:59.412501 -0.671 0.606 0.028 -7.263 -57.434 -94.36 88.737 58.958 47.208 
WTarm1up 739179168 2021-11-17 12:01:59.416491 -0.447 0.943 -0.122 -15.564 42.603 10.498 91.489 16.26 131.808 
WTleg2 739179176 2021-11-17 12:01:59.420480 0.316 0.901 -0.23 7.385 -26.428 9.705 105.853 -16.864 -112.764 
WTarm2up 739179254 2021-11-17 12:01:59.462986 -0.255 -1.132 0.021 9.949 15.991 11.169 -90.291 12.881 20.484 
WTarm2 739179260 2021-11-17 12:01:59.497137 0.185 0.844 -0.038 -17.456 -11.78 2.563 93.142 -5.004 -43.33 
WTleg1 739179263 2021-11-17 12:01:59.501124 -0.265 0.424 -0.016 -10.132 3.967 -28.992 81.447 63.083 40.358 
WTarm1up 739179274 2021-11-17 12:01:59.505115 -0.323 0.959 -0.108 2.319 -5.676 8.179 91.549 15.518 133.698 
WTleg2 739179282 2021-11-17 12:01:59.509057 0.255 0.918 -0.244 4.7 1.892 3.723 106.765 -17.073 -113.934 
WTarm2 739179361 2021-11-17 12:01:59.573160 0.142 0.881 0.016 -1.099 -0.61 -11.047 92.34 -4.741 -43.676 
WTarm1up 739179365 2021-11-17 12:01:59.614342 -0.326 1.025 -0.036 10.376 -32.104 2.93 91.708 15.238 131.331 
WTleg1 739179367 2021-11-17 12:01:59.619274 -0.417 0.523 -0.002 -8.118 30.518 37.476 85.594 61.106 46.467 
WTarm2up 739179403 2021-11-17 12:01:59.672194 -0.292 -1.13 -0.051 10.62 12.573 8.911 -89.539 13.936 18.875 
WTleg2 739179414 2021-11-17 12:01:59.707792 0.249 0.938 -0.266 -5.005 8.423 -2.686 106.633 -17.111 -113.939 
WTarm2up 739179448 2021-11-17 12:01:59.711834 -0.319 -1.164 -0.024 11.475 24.963 1.099 -89.187 14.485 16.749 
WTarm2 739179454 2021-11-17 12:01:59.715822 0.052 0.915 -0.047 17.883 1.16 -11.78 93.093 -3.697 -43.423 
WTleg1 739179457 2021-11-17 12:01:59.719815 -0.816 0.679 -0.038 3.113 30.029 117.31 91.445 52.438 54.454 
WTarm1up 739179468 2021-11-17 12:01:59.723801 -0.324 1.076 -0.055 4.517 -23.071 0.366 91.923 15.502 128.688 
WTleg2 739179475 2021-11-17 12:01:59.727742 0.314 0.905 -0.319 -7.874 -1.709 -10.376 105.804 -16.567 -112.764 
WTarm2up 739179554 2021-11-17 12:01:59.764214 -0.256 -1.093 -0.012 6.836 23.743 -2.563 -89.006 14.414 14.156 
WTarm2 739179558 2021-11-17 12:01:59.796436 0.117 0.877 -0.028 -6.104 -2.075 -3.235 94.07 -3.197 -43.616 
WTleg1 739179560 2021-11-17 12:01:59.798429 -0.652 0.77 -0.004 3.357 -15.015 157.715 93.741 37.87 57.266 
WTarm1up 739179572 2021-11-17 12:01:59.800424 -0.267 0.986 -0.033 -1.282 -12.207 -2.258 91.412 15.579 127.068 
WTleg2 739179583 2021-11-17 12:01:59.802419 0.298 0.9 -0.293 -5.249 -7.263 -19.104 105.216 -15.205 -112.665 
WTarm2 739179659 2021-11-17 12:01:59.876772 0.118 0.822 -0.039 -7.385 -3.784 -11.353 94.158 -2.922 -43.665 
WTleg1 739179663 2021-11-17 12:01:59.916338 0.091 1.098 0.088 31.86 24.841 174.805 94.587 20.045 57.184 
WTarm1up 739179678 2021-11-17 12:01:59.920325 -0.326 0.97 -0.021 5.615 -7.69 2.869 91.461 15.634 126.354 
WTarm2up 739179686 2021-11-17 12:01:59.923332 -0.234 -1.099 -0.09 4.211 36.133 -0.977 -89.588 14.2 11.085 
WTleg2 739179701 2021-11-17 12:01:59.974829 0.369 0.915 -0.285 -3.174 -0.916 -21.057 104.661 -12.92 -112.632 
WTarm2up 739179749 2021-11-17 12:02:00.007141 -0.299 -1.155 -0.009 -7.019 -6.714 0.732 -90.22 14.145 8.806 
WTarm2 739179753 2021-11-17 12:02:00.009137 0.006 0.861 -0.147 0.305 -37.048 -11.78 94.988 -1.637 -45.544 
WTleg1 739179757 2021-11-17 12:02:00.012127 -0.824 1.62 -0.004 -52.002 93.14 105.713 95.795 1.5 66.643 
WTarm1up 739179769 2021-11-17 12:02:00.014123 -0.252 1.015 0.002 6.714 -20.142 10.925 91.241 14.93 124.662 
WTleg2 739179790 2021-11-17 12:02:00.017116 0.173 0.897 -0.239 -3.479 8.667 -1.282 104.205 -12.497 -111.171 
WTarm2up 739179854 2021-11-17 12:02:00.081468 -0.345 -1.198 0.116 4.333 11.902 -2.808 -90.566 14.376 8.811 
WTarm2 739179858 2021-11-17 12:02:00.117502 -0.046 0.879 -0.256 22.888 25.269 -7.08 97.839 -0.148 -46.274 
WTleg1 739179861 2021-11-17 12:02:00.121521 -0.16 0.885 -0.01 -18.616 21.545 26.245 97.114 -1.187 61.007 
WTarm1up 739179872 2021-11-17 12:02:00.126525 -0.173 1.019 0.042 8.85 -59.143 16.418 91.104 13.541 121.531 
WTleg2 739179884 2021-11-17 12:02:00.130513 0.027 0.926 -0.205 -7.568 20.752 -7.812 103.167 -12.233 -109.308 
WTarm2 739179963 2021-11-17 12:02:00.179856 -0.079 0.998 -0.178 22.034 -4.089 0.244 99.212 1.066 -45.709 
WTarm1up 739179967 2021-11-17 12:02:00.218568 -0.049 1.033 -0.033 8.911 -7.874 9.583 90.797 11.827 116.884 
WTarm2up 739179971 2021-11-17 12:02:00.222557 -0.325 -1.098 0.013 0.488 -21.301 -5.676 -89.83 14.008 8.652 
WTleg1 739179979 2021-11-17 12:02:00.226546 -0.374 0.953 -0.225 0.793 27.344 -5.493 96.482 -1.044 65.786 
WTleg2 739180016 2021-11-17 12:02:00.284665 0.334 0.923 -0.166 -10.925 -22.034 -1.953 102.288 -11.492 -110.16 
WTarm2up 739180051 2021-11-17 12:02:00.319599 -0.254 -1.161 0.085 4.211 0.183 -1.038 -89.357 13.755 10.486 
WTarm2 739180063 2021-11-17 12:02:00.322592 -0.073 0.896 -0.135 1.343 -2.258 -3.113 99.289 1.549 -46.099 
WTarm1up 739180071 2021-11-17 12:02:00.324589 -0.225 1.011 -0.069 6.409 1.526 11.169 91.741 10.646 117.015 
WTleg1 739180086 2021-11-17 12:02:00.326581 0.039 1.026 -0.089 9.399 -30.762 4.639 97.526 -0.786 62.529 
WTleg2 739180121 2021-11-17 12:02:00.374163 0.128 0.943 -0.148 -3.479 5.798 1.587 101.591 -11.783 -110.72 
WTarm2up 739180153 2021-11-17 12:02:00.406767 -0.31 -1.141 0.002 0.61 7.08 4.578 -89.044 13.898 9.855 
WTarm2 739180157 2021-11-17 12:02:00.410711 -0.067 0.918 -0.163 0.244 4.517 -0.427 99.47 1.566 -46.121 
WTarm1up 739180159 2021-11-17 12:02:00.414738 -0.231 1.05 -0.063 2.136 2.808 1.038 92.164 10.042 117.109 
WTleg1 739180162 2021-11-17 12:02:00.418727 -0.124 0.994 -0.109 2.197 5.981 -3.967 97.712 -0.39 63.523 
WTleg2 739180184 2021-11-17 12:02:00.422716 0.238 0.93 -0.179 -1.526 2.991 1.709 101.294 -11.816 -110.803 
WTarm2up 739180260 2021-11-17 12:02:00.476516 -0.312 -1.132 0.012 -2.808 -9.399 1.953 -89.138 14.414 9.706 
WTarm2 739180265 2021-11-17 12:02:00.509441 -0.029 0.901 -0.146 -2.014 -2.014 0.122 99.108 1.697 -46.137 
WTarm1up 739180268 2021-11-17 12:02:00.513431 -0.185 1.03 -0.072 4.395 1.282 -3.845 92.538 10.311 116.982 
WTleg1 739180270 2021-11-17 12:02:00.516424 -0.007 1.005 -0.122 2.93 -7.812 0.061 97.899 0.044 63.138 
WTleg2 739180285 2021-11-17 12:02:00.520412 0.187 0.929 -0.19 -1.465 -8.423 2.563 101.135 -12.03 -110.912 
WTarm2up 739180350 2021-11-17 12:02:00.577554 -0.27 -1.144 0.0 -0.977 6.47 1.465 -89.396 14.485 10.135 
WTarm1up 739180355 2021-11-17 12:02:00.609147 -0.192 1.042 -0.054 2.747 -6.775 0.0 92.933 10.503 116.576 
WTleg1 739180357 2021-11-17 12:02:00.611142 -0.057 0.994 -0.083 0.61 0.488 -1.892 97.872 0.302 63.523 
WTarm2 739180362 2021-11-17 12:02:00.613166 -0.02 0.9 -0.145 -1.953 3.601 1.404 98.8 1.555 -46.159 
WTleg2 739180408 2021-11-17 12:02:00.680104 0.211 0.929 -0.174 0.854 7.751 0.427 101.052 -12.156 -110.973 
WTarm2 739180454 2021-11-17 12:02:00.713173 -0.035 0.906 -0.135 -0.671 3.479 0.671 98.69 1.461 -45.879 
WTarm2up 739180471 2021-11-17 12:02:00.714206 -0.328 -1.132 -0.006 -1.709 3.601 -0.61 -89.676 14.579 9.399 
WTleg1 739180475 2021-11-17 12:02:00.716199 -0.042 1.004 -0.121 -0.916 4.944 -1.77 97.8 0.533 63.94 
WTarm1up 739180491 2021-11-17 12:02:00.717200 -0.188 1.044 -0.043 -1.282 2.38 -2.747 92.95 10.618 116.224 
WTleg2 739180495 2021-11-17 12:02:00.718195 0.199 0.93 -0.177 0.916 2.441 0.122 101.052 -12.217 -110.605 
WTarm2up 739180545 2021-11-17 12:02:00.784284 -0.31 -1.145 0.004 -3.418 -3.113 0.732 -89.951 14.628 9.47 
WTleg1 739180550 2021-11-17 12:02:00.816964 -0.044 1.004 -0.101 -3.967 3.357 -0.61 97.443 0.681 64.66 
WTarm2 739180571 2021-11-17 12:02:00.820950 -0.061 0.91 -0.126 -0.854 2.014 -0.305 98.657 1.483 -45.665 
WTarm1up 739180574 2021-11-17 12:02:00.825973 -0.193 1.024 -0.081 -1.099 7.202 -2.502 92.928 10.876 116.757 
WTleg2 739180586 2021-11-17 12:02:00.829926 0.204 0.926 -0.166 3.357 5.493 0.61 101.096 -12.321 -110.198 
WTarm2up 739180647 2021-11-17 12:02:00.881259 -0.312 -1.128 0.024 -1.648 0.549 1.282 -90.11 14.782 9.602 
WTarm1up 739180653 2021-11-17 12:02:00.912813 -0.19 1.036 -0.094 2.136 3.418 -2.93 93.203 11.041 117.092 
WTleg1 739180655 2021-11-17 12:02:00.914816 -0.093 0.993 -0.147 -5.554 5.981 -1.099 96.993 0.764 65.171 
WTarm2 739180694 2021-11-17 12:02:00.917809 -0.067 0.912 -0.14 -0.366 1.648 -0.183 98.498 1.664 -45.676 
WTleg2 739180735 2021-11-17 12:02:00.998312 0.239 0.922 -0.167 7.141 7.446 1.831 101.415 -12.612 -109.808 
WTarm2up 739180751 2021-11-17 12:02:01.031228 -0.343 -1.113 0.035 -4.517 0.549 2.625 -90.33 15.073 9.327 
WTarm1up 739180759 2021-11-17 12:02:01.035217 -0.134 1.053 -0.087 2.991 4.517 -6.348 93.582 11.299 117.065 
WTleg1 739180762 2021-11-17 12:02:01.040154 -0.176 0.979 -0.144 -4.211 9.277 -6.836 96.63 1.417 65.66 
WTarm2 739180766 2021-11-17 12:02:01.044193 -0.097 0.925 -0.16 -3.723 3.296 3.357 98.267 1.659 -45.555 
WTleg2 739180814 2021-11-17 12:02:01.083350 0.268 0.922 -0.154 9.399 10.559 7.202 102.008 -13.343 -109.127 
WTarm2up 739180844 2021-11-17 12:02:01.115608 -0.36 -1.156 0.039 -11.841 -14.465 2.686 -90.868 15.491 9.849 
WTarm2 739180860 2021-11-17 12:02:01.118649 -0.09 0.933 -0.251 -0.916 -7.874 10.925 98.097 1.28 -45.747 
WTarm1up 739180863 2021-11-17 12:02:01.122641 -0.136 1.089 -0.08 12.268 42.48 -14.954 94.757 11.591 118.751 
WTleg1 739180879 2021-11-17 12:02:01.126579 -0.725 0.992 -0.271 11.841 -1.526 -34.607 97.773 4.307 64.633 
WTleg2 739180890 2021-11-17 12:02:01.130609 0.173 0.861 -0.381 9.705 13.794 23.438 102.59 -15.304 -108.078 
WTarm2up 739180948 2021-11-17 12:02:01.194860 -0.349 -1.117 0.036 -10.254 -31.25 -5.798 -91.148 15.474 12.349 
WTarm1up 739180953 2021-11-17 12:02:01.231226 -0.222 0.965 0.023 -13.855 0.244 -17.883 95.422 13.123 121.981 
WTleg1 739180956 2021-11-17 12:02:01.235215 -0.136 1.45 0.183 -6.775 -109.07 -113.098 97.745 13.387 55.942 
WTarm2 739180963 2021-11-17 12:02:01.239205 0.104 0.852 -0.127 -6.104 31.311 22.034 98.174 -0.231 -45.077 
WTleg2 739180992 2021-11-17 12:02:01.243196 0.187 1.019 -0.217 2.197 0.183 14.221 103.343 -16.88 -108.199 
WTarm1up 739181044 2021-11-17 12:02:01.289887 -0.375 1.247 -0.142 3.174 51.636 -11.475 95.07 14.782 124.14 
WTarm2up 739181052 2021-11-17 12:02:01.323117 -0.132 -1.309 -0.273 -18.005 -25.024 5.005 -91.736 14.892 15.798 
WTarm2 739181068 2021-11-17 12:02:01.327059 0.086 0.956 -0.211 3.967 1.526 18.433 97.267 -2.208 -44.692 
WTleg1 739181075 2021-11-17 12:02:01.331044 -0.479 1.127 -0.077 13.855 27.771 -162.903 100.569 26.049 59.727 
WTleg2 739181097 2021-11-17 12:02:01.335034 0.491 0.842 -0.27 -6.836 -39.734 11.902 104.244 -17.04 -111.165 
WTarm2up 739181144 2021-11-17 12:02:01.393205 -0.371 -1.006 -0.06 5.005 26.001 -10.254 -92.538 14.266 14.573 
WTarm1up 739181148 2021-11-17 12:02:01.427039 -0.268 0.829 -0.057 -18.616 30.09 -4.944 94.79 15.046 128.101 
WTarm2 739181158 2021-11-17 12:02:01.431043 0.102 0.819 -0.056 -9.338 -4.883 13.306 95.817 -4.23 -43.352 
WTleg1 739181163 2021-11-17 12:02:01.434032 -0.292 0.773 -0.07 9.705 -72.144 -156.677 99.893 42.314 57.772 
WTleg2 739181188 2021-11-17 12:02:01.438022 0.278 0.893 -0.282 -0.916 -18.738 11.292 104.689 -18.116 -113.357 
WTarm2up 739181251 2021-11-17 12:02:01.492364 -0.212 -1.219 -0.169 -22.156 -50.903 -7.019 -93.367 13.667 16.771 
WTleg1 739181255 2021-11-17 12:02:01.524234 -0.497 0.573 -0.08 -7.568 -35.706 -106.628 94.763 54.712 51.097 
WTarm2 739181263 2021-11-17 12:02:01.527225 0.082 0.917 0.01 -20.325 -19.348 12.207 94.175 -5.334 -45.291 
WTarm1up 739181266 2021-11-17 12:02:01.529220 -0.442 1.009 -0.191 -13.428 46.265 -9.338 94.818 15.996 132.896 
WTleg2 739181290 2021-11-17 12:02:01.531216 0.43 0.882 -0.26 7.812 -2.869 8.179 105.815 -18.929 -115.247 
WTarm1up 739181346 2021-11-17 12:02:01.593486 -0.386 0.957 -0.146 -14.954 -2.075 -1.953 94.334 16.76 135.89 
WTarm2up 739181352 2021-11-17 12:02:01.625439 -0.229 -1.204 -0.06 3.052 25.818 1.221 -94.136 13.189 18.539 
WTleg1 739181358 2021-11-17 12:02:01.628429 -0.597 0.505 0.116 -5.31 -52.734 -50.415 83.562 61.804 39.397 
WTarm2 739181368 2021-11-17 12:02:01.631454 0.155 0.875 0.041 -18.005 -6.042 3.784 92.241 -6.339 -46.478 
WTleg2 739181412 2021-11-17 12:02:01.702615 0.304 0.9 -0.258 4.272 -6.409 -1.404 106.43 -19.237 -115.291 
WTarm2up 739181446 2021-11-17 12:02:01.736574 -0.353 -1.195 -0.076 11.169 0.854 5.737 -93.625 13.716 16.512 
WTleg1 739181454 2021-11-17 12:02:01.741592 -0.43 0.408 0.009 -6.714 25.574 14.648 85.166 63.078 42.775 
WTarm1up 739181464 2021-11-17 12:02:01.745594 -0.344 1.004 -0.089 3.479 -20.264 0.549 93.697 17.144 134.835 
WTarm2 739181473 2021-11-17 12:02:01.749582 0.137 0.855 -0.008 -1.221 0.671 -4.456 91.489 -6.432 -46.818 
WTleg2 739181487 2021-11-17 12:02:01.753573 0.262 0.922 -0.227 -1.953 -3.662 4.761 106.589 -19.336 -115.593 
WTarm2up 739181551 2021-11-17 12:02:01.792745 -0.272 -1.114 -0.084 13.672 8.179 4.089 -92.466 14.227 16.26 
WTarm1up 739181556 2021-11-17 12:02:01.830758 -0.291 1.007 -0.08 7.568 -30.701 3.418 93.406 17.078 131.869 
WTleg1 739181558 2021-11-17 12:02:01.834750 -0.477 0.631 0.04 -3.418 19.958 76.843 88.286 57.167 47.758 
WTarm2 739181563 2021-11-17 12:02:01.839782 0.136 0.885 0.007 17.517 7.69 -13.794 92.065 -5.707 -46.445 
WTleg2 739181608 2021-11-17 12:02:01.842774 0.328 0.937 -0.28 -0.305 30.762 -8.85 106.117 -19.66 -114.489 
WTarm1up 739181646 2021-11-17 12:02:01.900185 -0.308 1.017 -0.071 11.78 -25.94 8.179 93.604 16.622 128.859 
WTleg1 739181649 2021-11-17 12:02:01.933192 -0.8 0.872 -0.057 -6.836 54.993 130.737 90.764 45.78 52.081 
WTarm2up 739181669 2021-11-17 12:02:01.937214 -0.336 -1.111 -0.092 9.949 18.921 0.305 -91.818 14.442 14.661 
WTarm2 739181674 2021-11-17 12:02:01.941169 0.044 0.927 -0.031 14.648 15.198 -11.414 92.791 -4.68 -45.082 
WTleg2 739181696 2021-11-17 12:02:01.945160 0.222 0.941 -0.298 -1.953 3.235 -20.935 105.304 -18.946 -111.33 
WTarm1up 739181750 2021-11-17 12:02:01.999803 -0.344 1.019 -0.073 8.606 -15.442 7.751 93.994 16.018 126.48 
WTleg1 739181754 2021-11-17 12:02:02.031117 -0.663 1.019 -0.068 2.319 39.185 160.889 92.851 30.361 55.519 
WTarm2up 739181762 2021-11-17 12:02:02.034107 -0.339 -1.129 -0.094 5.371 19.226 -2.197 -91.835 14.392 12.744 
WTarm2 739181778 2021-11-17 12:02:02.036102 0.077 0.907 -0.069 20.935 13.184 -12.207 93.543 -3.702 -43.808 
WTleg2 739181817 2021-11-17 12:02:02.038097 0.309 0.898 -0.285 -1.404 -18.738 -29.602 105.524 -16.035 -111.676 
WTarm1up 739181842 2021-11-17 12:02:02.107012 -0.343 1.003 -0.046 0.488 -0.183 2.686 94.103 15.842 125.843 
WTarm2up 739181879 2021-11-17 12:02:02.139279 -0.319 -1.098 -0.093 0.671 9.827 1.892 -92.159 14.332 10.904 
WTarm2 739181883 2021-11-17 12:02:02.143266 -0.021 0.91 -0.129 9.216 -6.348 -7.69 94.125 -2.769 -43.423 
WTleg1 739181899 2021-11-17 12:02:02.147256 -0.125 1.343 -0.237 9.827 78.125 167.664 94.752 13.024 58.711 
WTleg2 739181922 2021-11-17 12:02:02.205508 0.412 0.87 -0.361 3.601 3.845 -8.728 105.787 -14.656 -110.934 
WTarm1up 739181944 2021-11-17 12:02:02.239483 -0.275 1.047 -0.059 -3.418 -5.554 5.432 93.582 15.524 125.464 
WTleg1 739181947 2021-11-17 12:02:02.243430 -0.869 0.956 -0.029 -37.537 84.412 99.67 93.741 -1.835 67.187 
WTarm2up 739181956 2021-11-17 12:02:02.247424 -0.237 -1.227 -0.016 -9.888 -6.958 11.169 -92.692 15.051 11.695 
WTarm2 739181968 2021-11-17 12:02:02.251452 0.151 0.844 -0.131 13.916 6.653 -13.611 94.741 -2.032 -44.149 
WTleg2 739181998 2021-11-17 12:02:02.255402 0.039 0.936 -0.26 -1.892 26.184 -15.259 105.524 -14.249 -108.973 
WTarm1up 739182035 2021-11-17 12:02:02.305778 -0.21 1.018 0.04 -1.892 -32.41 11.719 92.659 14.705 123.624 
WTarm2up 739182059 2021-11-17 12:02:02.337764 -0.413 -1.082 -0.071 8.24 29.236 -3.54 -93.115 15.331 9.657 
WTleg1 739182069 2021-11-17 12:02:02.340761 -0.292 1.126 -0.258 24.17 -20.569 -18.982 97.383 -1.439 61.122 
WTarm2 739182074 2021-11-17 12:02:02.343753 -0.175 1.023 -0.327 29.236 40.894 -1.16 98.564 -1.439 -39.21 
WTleg2 739182101 2021-11-17 12:02:02.345759 0.22 0.914 -0.229 -5.31 23.315 -4.578 104.496 -13.469 -104.513 
WTarm1up 739182140 2021-11-17 12:02:02.409140 -0.054 1.043 0.066 2.563 -5.493 7.629 91.582 13.266 119.795 
WTleg1 739182145 2021-11-17 12:02:02.442710 -0.14 0.958 0.01 -8.484 50.476 -9.705 97.059 -0.945 64.709 
WTarm2up 739182147 2021-11-17 12:02:02.445703 -0.231 -1.13 -0.028 -10.559 -78.613 -8.85 -92.379 14.81 12.832 
WTarm2 739182178 2021-11-17 12:02:02.449746 0.039 0.891 -0.049 -0.244 -16.602 1.221 98.525 -1.082 -39.424 
WTleg2 739182195 2021-11-17 12:02:02.454720 0.307 0.91 -0.229 -9.216 -45.959 6.592 104.112 -13.381 -107.518 
WTarm1up 739182229 2021-11-17 12:02:02.512957 -0.399 0.998 -0.178 -9.216 59.509 -6.165 92.62 13.299 125.266 
WTleg1 739182244 2021-11-17 12:02:02.544306 0.115 1.026 -0.042 15.747 -49.438 3.906 97.427 -0.286 63.984 
WTarm2up 739182253 2021-11-17 12:02:02.546299 -0.089 -1.217 -0.004 -0.793 4.456 4.028 -92.104 14.37 17.754 
WTarm2 739182268 2021-11-17 12:02:02.547296 0.01 0.909 -0.107 -6.165 4.333 -1.526 98.278 -1.066 -40.254 
WTleg2 739182297 2021-11-17 12:02:02.550289 0.186 0.918 -0.229 -0.61 31.738 -5.981 103.766 -13.596 -107.15 
WTarm1up 739182335 2021-11-17 12:02:02.620051 -0.255 1.024 -0.064 1.953 -26.855 4.211 92.499 13.557 125.294 
WTarm2up 739182344 2021-11-17 12:02:02.652984 -0.407 -1.118 -0.056 7.446 34.485 0.0 -92.104 14.398 14.365 
WTleg1 739182349 2021-11-17 12:02:02.656973 -0.032 1.009 -0.124 -5.005 24.963 1.709 98.075 -0.648 63.534 
WTarm2 739182378 2021-11-17 12:02:02.659966 -0.021 0.91 -0.138 1.77 -3.296 -1.77 98.102 -0.851 -40.051 
WTleg2 739182401 2021-11-17 12:02:02.663956 0.22 0.919 -0.229 -4.7 -11.536 -1.038 103.469 -13.173 -106.666 
WTarm1up 739182428 2021-11-17 12:02:02.668994 -0.196 1.036 -0.03 4.272 -7.629 1.343 92.401 13.271 123.316 
WTarm2up 739182448 2021-11-17 12:02:02.715478 -0.317 -1.135 -0.044 0.244 -3.784 -1.16 -92.043 14.436 12.931 
WTleg1 739182457 2021-11-17 12:02:02.748390 -0.147 0.986 -0.083 2.319 -5.737 3.967 97.443 -0.769 65.275 
WTarm2 739182480 2021-11-17 12:02:02.752380 -0.019 0.909 -0.124 0.122 -4.578 -0.977 98.124 -0.5 -40.474 
WTleg2 739182508 2021-11-17 12:02:02.755416 0.209 0.928 -0.214 -0.671 2.502 -0.549 103.266 -13.057 -106.963 
WTarm1up 739182528 2021-11-17 12:02:02.759401 -0.239 1.028 -0.06 0.793 0.183 0.977 92.587 13.151 123.08 
WTarm2up 739182538 2021-11-17 12:02:02.821560 -0.304 -1.145 -0.016 2.136 3.418 1.526 -91.923 14.469 13.046 
WTleg1 739182548 2021-11-17 12:02:02.857047 -0.006 1.008 -0.119 1.465 -3.906 0.427 97.773 -0.593 64.413 
WTarm2 739182568 2021-11-17 12:02:02.859000 -0.017 0.909 -0.127 0.427 -3.54 -0.305 98.141 -0.286 -40.913 
WTleg2 739182603 2021-11-17 12:02:02.861019 0.229 0.924 -0.196 -0.977 -2.319 1.099 103.222 -13.002 -107.446 
WTarm2up 739182643 2021-11-17 12:02:02.920892 -0.305 -1.139 -0.029 3.113 4.395 1.282 -91.741 14.672 12.59 
WTleg1 739182649 2021-11-17 12:02:02.953892 -0.063 1.0 -0.088 -1.77 2.869 0.549 97.498 -0.56 65.006 
WTarm1up 739182666 2021-11-17 12:02:02.955886 -0.221 1.026 -0.063 1.709 -4.211 2.075 92.637 12.953 122.745 
WTarm2 739182677 2021-11-17 12:02:02.957882 -0.019 0.907 -0.125 -0.549 -1.953 -0.427 98.124 -0.148 -41.237 
WTleg2 739182701 2021-11-17 12:02:02.959877 0.212 0.922 -0.215 0.305 -0.793 0.0 103.2 -13.008 -107.578 
WTarm1up 739182740 2021-11-17 12:02:03.020460 -0.211 1.034 -0.053 1.953 -0.366 0.671 92.823 12.766 122.3 
WTleg1 739182745 2021-11-17 12:02:03.053012 -0.039 1.003 -0.098 0.244 -3.113 -0.671 97.443 -0.286 64.836 
WTarm2up 739182749 2021-11-17 12:02:03.056010 -0.335 -1.128 -0.037 1.953 0.61 0.488 -91.533 14.793 12.025 
WTarm2 739182781 2021-11-17 12:02:03.058003 -0.014 0.908 -0.127 0.122 -0.671 -0.061 98.091 -0.022 -41.38 
WTleg2 739182806 2021-11-17 12:02:03.059998 0.234 0.92 -0.217 2.625 2.93 1.587 103.348 -13.101 -107.518 
WTarm1up 739182832 2021-11-17 12:02:03.063023 -0.221 1.033 -0.066 0.793 1.221 -0.366 92.983 12.7 122.283 
WTarm2up 739182837 2021-11-17 12:02:03.065021 -0.302 -1.134 -0.02 -0.854 -1.587 1.282 -91.461 14.936 12.195 
WTleg1 739182847 2021-11-17 12:02:03.122394 -0.067 1.002 -0.093 -2.502 3.174 -1.831 97.097 -0.027 65.193 
WTarm2 739182884 2021-11-17 12:02:03.156014 -0.027 0.913 -0.123 -0.305 -0.183 0.854 98.047 0.044 -41.512 
WTleg2 739182896 2021-11-17 12:02:03.158007 0.229 0.916 -0.222 4.822 5.798 1.465 103.563 -13.403 -107.095 
WTarm1up 739182920 2021-11-17 12:02:03.160002 -0.208 1.034 -0.075 2.441 -1.099 -1.648 93.181 12.728 122.19 
WTarm2up 739182947 2021-11-17 12:02:03.227014 -0.317 -1.131 -0.01 -1.099 0.793 0.854 -91.494 15.062 12.233 
WTleg1 739182982 2021-11-17 12:02:03.259456 -0.2 0.969 -0.132 2.319 0.244 -9.216 97.037 0.797 65.457 
WTarm2 739182987 2021-11-17 12:02:03.263480 -0.03 0.913 -0.146 -1.16 0.549 2.441 97.998 0.016 -41.611 
WTarm1up 739183041 2021-11-17 12:02:03.329180 -0.192 1.044 -0.062 4.272 0.549 -4.395 93.483 12.887 122.042 
WTarm2up 739183049 2021-11-17 12:02:03.362603 -0.31 -1.145 -0.011 -3.479 -0.183 0.977 -91.62 15.178 12.244 
WTleg1 739183054 2021-11-17 12:02:03.367586 -0.676 0.941 -0.29 13.245 -14.038 -37.048 98.432 3.988 63.688 
WTleg2 739183066 2021-11-17 12:02:03.370578 0.245 0.907 -0.219 4.517 3.418 5.005 103.997 -13.903 -106.853 
WTarm2 739183097 2021-11-17 12:02:03.374567 0.06 0.871 -0.209 0.61 17.334 4.211 98.075 -0.467 -40.776 
WTleg2 739183107 2021-11-17 12:02:03.378557 0.199 0.909 -0.241 5.066 30.945 2.014 104.337 -14.579 -105.551 
WTarm1up 739183130 2021-11-17 12:02:03.382546 -0.23 0.993 0.035 -2.93 -9.094 -7.568 93.653 13.354 121.937 
WTarm2up 739183153 2021-11-17 12:02:03.421290 -0.292 -1.087 -0.055 -3.479 -7.69 -4.395 -91.769 15.007 12.316 
WTleg1 739183177 2021-11-17 12:02:03.454511 -0.13 1.361 -0.037 26.489 -29.907 -108.276 99.349 12.041 56.239 
WTarm2 739183184 2021-11-17 12:02:03.458464 0.026 0.941 -0.015 -13.123 18.127 2.38 97.196 -1.34 -38.688 
WTleg2 739183215 2021-11-17 12:02:03.461457 0.135 0.925 -0.348 -1.404 -30.579 -2.075 104.271 -14.183 -104.579 
WTarm1up 739183219 2021-11-17 12:02:03.466491 -0.288 1.112 -0.056 -7.935 35.461 -5.859 93.246 14.046 123.08 
WTarm2up 739183245 2021-11-17 12:02:03.470479 -0.282 -1.224 -0.119 -1.282 -1.587 -4.272 -92.236 14.623 13.293 
WTleg1 739183256 2021-11-17 12:02:03.533970 -0.532 1.153 -0.32 31.921 18.127 -136.658 103.409 22.434 62.314 
WTarm2 739183276 2021-11-17 12:02:03.567878 0.031 0.861 -0.136 -0.488 11.475 12.512 96.96 -2.368 -37.628 
WTleg2 739183303 2021-11-17 12:02:03.571910 0.412 0.884 -0.244 1.831 10.803 13.428 105.062 -14.595 -106.743 
WTarm1up 739183326 2021-11-17 12:02:03.575862 -0.298 0.905 -0.033 -23.071 37.048 -4.211 92.615 14.387 127.458 
WTleg1 739183342 2021-11-17 12:02:03.577882 -0.633 0.932 -0.011 9.827 -113.22 -138.672 103.057 38.452 57.684 
WTarm2up 739183349 2021-11-17 12:02:03.627667 -0.325 -1.118 -0.061 -3.418 -41.809 -6.47 -91.983 14.095 14.606 
WTarm2 739183382 2021-11-17 12:02:03.663786 -0.008 0.956 -0.057 -7.324 -25.818 13.367 97.427 -3.367 -38.815 
WTleg2 739183406 2021-11-17 12:02:03.668731 0.177 0.949 -0.244 -0.122 -47.363 20.752 105.507 -16.161 -108.226 
WTleg1 739183446 2021-11-17 12:02:03.673718 -0.838 0.764 -0.053 -8.484 -50.415 -146.973 96.68 54.047 49.872 
WTarm2up 739183451 2021-11-17 12:02:03.728769 -0.196 -1.213 -0.066 0.977 -39.49 4.7 -91.126 14.019 19.786 
WTarm2 739183485 2021-11-17 12:02:03.762030 0.043 0.924 -0.017 -26.306 -41.077 12.39 95.059 -4.411 -42.786 
WTarm1up 739183494 2021-11-17 12:02:03.766019 -0.281 0.975 -0.104 -13.184 47.668 -0.977 91.934 14.656 131.704 
WTleg2 739183498 2021-11-17 12:02:03.769976 0.369 0.886 -0.275 5.188 -36.743 13.123 106.99 -16.545 -112.835 
WTarm1up 739183518 2021-11-17 12:02:03.775014 -0.371 1.007 -0.109 -8.24 31.006 12.39 92.45 14.073 136.236 
WTarm2up 739183560 2021-11-17 12:02:03.833146 -0.253 -1.132 -0.009 18.188 13.184 1.709 -89.929 14.194 21.456 
WTleg1 739183564 2021-11-17 12:02:03.867582 -0.36 0.496 -0.013 -6.653 -52.429 -86.67 87.001 64.94 40.402 
WTarm2 739183589 2021-11-17 12:02:03.871572 0.209 0.81 -0.034 -18.127 -30.518 5.92 92.911 -5.164 -46.274 
WTarm1up 739183610 2021-11-17 12:02:03.875560 -0.273 0.989 -0.129 4.028 -3.479 4.211 92.554 13.321 137.329 
WTleg2 739183618 2021-11-17 12:02:03.878552 0.296 0.892 -0.287 0.732 -26.062 11.475 108.408 -16.853 -116.834 
WTarm2up 739183635 2021-11-17 12:02:03.882497 -0.309 -1.079 0.001 10.742 17.151 2.563 -88.759 14.42 19.429 
WTleg1 739183650 2021-11-17 12:02:03.887515 -0.076 0.279 0.064 -4.7 -19.165 -6.409 79.81 67.176 34.437 
WTarm2 739183682 2021-11-17 12:02:03.942564 0.143 0.851 -0.061 -2.197 -8.606 -2.869 92.329 -5.548 -47.642 
WTleg2 739183707 2021-11-17 12:02:03.975457 0.247 0.928 -0.288 -6.042 1.831 10.803 108.386 -17.721 -117.839 
WTarm1up 739183716 2021-11-17 12:02:03.977452 -0.308 1.029 -0.074 16.479 -50.72 -5.066 93.378 13.953 134.445 
WTarm2up 739183738 2021-11-17 12:02:03.979424 -0.25 -1.14 -0.021 1.709 20.447 3.052 -88.572 14.744 18.04 
WTleg1 739183761 2021-11-17 12:02:04.047153 -0.384 0.488 0.001 -14.404 41.016 67.322 85.721 62.012 42.583 
WTarm2 739183784 2021-11-17 12:02:04.077262 0.068 0.938 -0.011 13.55 7.874 -10.498 92.23 -5.081 -47.34 
WTarm1up 739183820 2021-11-17 12:02:04.079285 -0.262 1.098 -0.058 13.367 -45.227 -7.751 93.532 15.035 129.342 
WTleg1 739183835 2021-11-17 12:02:04.081252 -0.681 0.928 0.007 2.075 28.687 138.916 91.978 50.466 51.57 
WTleg2 739183842 2021-11-17 12:02:04.082250 0.235 0.949 -0.294 -5.737 18.066 -8.972 107.292 -18.067 -116.098 
WTarm2up 739183844 2021-11-17 12:02:04.084244 -0.325 -1.161 -0.041 4.639 37.964 -6.042 -89.182 14.667 15.216 
WTarm2 739183890 2021-11-17 12:02:04.143968 0.054 0.903 -0.034 21.24 4.761 -9.644 93.219 -4.125 -46.516 
WTleg2 739183918 2021-11-17 12:02:04.174499 0.324 0.878 -0.292 -3.418 -1.16 -12.756 106.644 -17.172 -114.73 
WTarm1up 739183926 2021-11-17 12:02:04.176501 -0.269 1.016 -0.069 5.127 -21.606 -5.432 93.571 15.738 126.293 
WTarm2up 739183938 2021-11-17 12:02:04.177504 -0.326 -1.099 -0.061 2.197 24.597 -8.423 -89.83 13.931 11.596 
WTleg1 739183940 2021-11-17 12:02:04.178495 -0.733 1.113 -0.045 20.569 -1.16 177.551 92.703 33.668 52.026 
WTarm2 739183979 2021-11-17 12:02:04.244403 0.216 0.855 -0.049 0.549 14.343 -10.864 94.411 -3.334 -45.934 
WTleg2 739184007 2021-11-17 12:02:04.277003 0.261 0.896 -0.302 -1.16 7.202 -27.832 106.298 -15.227 -114.049 
WTarm1up 739184012 2021-11-17 12:02:04.279997 -0.329 1.029 -0.079 6.836 -24.78 -2.075 93.549 16.32 124.151 
WTarm2up 739184038 2021-11-17 12:02:04.281991 -0.333 -1.162 -0.085 2.319 28.625 0.488 -90.665 13.656 8.795 
WTleg1 739184045 2021-11-17 12:02:04.284951 -0.251 1.335 -0.116 19.653 80.444 177.856 95.169 15.458 53.844 
WTarm2 739184083 2021-11-17 12:02:04.343985 0.075 0.912 -0.135 7.812 23.804 -11.414 95.543 -2.488 -44.0 
WTarm1up 739184105 2021-11-17 12:02:04.379989 -0.248 1.048 0.027 10.62 -28.931 4.883 93.395 16.122 120.987 
WTleg2 739184126 2021-11-17 12:02:04.381982 0.128 0.907 -0.396 2.625 14.465 -32.41 106.106 -12.64 -111.978 
WTleg1 739184135 2021-11-17 12:02:04.384978 -0.311 1.247 -0.228 -37.048 160.706 108.154 96.614 -0.654 65.94 
WTarm2up 739184141 2021-11-17 12:02:04.386937 -0.359 -1.166 -0.055 -0.854 5.676 2.136 -91.368 14.106 6.801 
WTarm2 739184189 2021-11-17 12:02:04.451555 -0.033 0.85 -0.228 16.113 21.118 -13.367 97.07 -2.0 -41.232 
WTarm1up 739184210 2021-11-17 12:02:04.487573 -0.177 0.978 0.078 -7.935 19.531 3.662 92.95 15.161 120.251 
WTarm2up 739184235 2021-11-17 12:02:04.489566 -0.291 -1.072 -0.047 -11.902 -40.466 1.465 -91.434 14.321 7.712 
WTleg1 739184239 2021-11-17 12:02:04.492557 -0.521 0.975 -0.391 37.415 -66.956 13.062 96.91 -3.928 66.132 
WTleg2 739184248 2021-11-17 12:02:04.495552 0.121 0.893 -0.174 -5.554 32.776 -29.785 105.068 -9.91 -107.842 
WTarm2 739184295 2021-11-17 12:02:04.542795 -0.114 1.021 -0.26 36.011 12.939 -6.226 99.789 -0.632 -38.979 
WTarm1up 739184315 2021-11-17 12:02:04.574852 -0.224 1.057 -0.023 -13.367 -3.479 14.221 91.824 14.15 121.63 
WTleg2 739184324 2021-11-17 12:02:04.577888 0.273 0.917 -0.285 -4.517 -1.221 -10.01 104.403 -8.031 -106.122 
WTarm2up 739184338 2021-11-17 12:02:04.579871 -0.224 -1.261 0.034 -24.658 -94.177 1.465 -91.445 14.661 15.244 
WTleg1 739184344 2021-11-17 12:02:04.582831 -0.114 0.987 -0.101 -7.69 23.499 -2.686 96.801 -4.191 64.677 
WTarm2 739184384 2021-11-17 12:02:04.649018 -0.023 0.93 -0.106 -3.113 -9.216 -2.197 99.932 0.159 -39.227 
WTarm1up 739184404 2021-11-17 12:02:04.680932 -0.239 1.029 -0.131 -8.057 41.26 9.277 91.467 12.634 123.223 
WTleg2 739184411 2021-11-17 12:02:04.682928 0.188 0.921 -0.183 -4.15 -12.939 5.066 103.711 -8.52 -107.65 
WTleg1 739184436 2021-11-17 12:02:04.683956 0.068 1.005 -0.043 13.245 -19.043 1.77 97.174 -3.384 64.863 
WTarm2up 739184442 2021-11-17 12:02:04.685953 -0.08 -1.167 0.086 -8.362 -21.362 7.446 -91.538 14.81 22.912 
WTarm2 739184505 2021-11-17 12:02:04.754084 -0.048 0.896 -0.103 -6.775 1.587 -3.479 99.305 0.434 -39.331 
WTarm1up 739184526 2021-11-17 12:02:04.789331 -0.255 0.988 -0.076 8.057 -13.733 7.69 91.945 11.893 124.777 
WTleg2 739184532 2021-11-17 12:02:04.794319 0.109 0.917 -0.215 -3.784 11.597 -1.16 103.348 -8.767 -107.715 
WTarm2up 739184541 2021-11-17 12:02:04.798306 -0.304 -1.151 -0.063 14.282 48.95 3.235 -91.456 14.991 20.951 
WTleg1 739184570 2021-11-17 12:02:04.854146 -0.06 1.008 -0.119 -0.916 3.418 0.488 97.399 -3.609 65.149 
WTarm2 739184593 2021-11-17 12:02:04.885899 -0.056 0.924 -0.145 -8.362 -3.662 -3.601 98.745 0.895 -39.534 
WTarm1up 739184600 2021-11-17 12:02:04.887899 -0.224 1.063 -0.047 10.437 -4.517 -2.38 92.851 11.794 123.629 
WTleg2 739184606 2021-11-17 12:02:04.888897 0.139 0.925 -0.226 -2.075 -1.16 3.113 103.03 -8.855 -107.369 
WTarm2up 739184637 2021-11-17 12:02:04.890891 -0.429 -1.137 -0.004 16.418 33.508 1.953 -91.049 15.309 16.265 
WTleg1 739184644 2021-11-17 12:02:04.892886 -0.033 1.006 -0.086 2.014 -7.507 3.052 97.498 -3.461 65.259 
WTarm2 739184685 2021-11-17 12:02:04.956530 -0.051 0.9 -0.108 -6.653 -7.568 -1.465 98.086 1.423 -40.27 
WTleg2 739184711 2021-11-17 12:02:04.987485 0.098 0.926 -0.208 -1.831 -3.601 0.0 102.859 -8.839 -107.496 
WTarm1up 739184720 2021-11-17 12:02:04.989476 -0.201 1.017 -0.098 9.644 -3.357 -0.854 93.79 11.97 123.041 
WTarm2up 739184758 2021-11-17 12:02:04.991470 -0.303 -1.125 -0.022 8.057 9.705 1.404 -90.33 15.59 14.65 
WTleg1 739184766 2021-11-17 12:02:04.993465 0.012 1.01 -0.098 1.404 -2.441 1.953 97.526 -3.329 65.078 
WTarm2 739184789 2021-11-17 12:02:05.056383 -0.052 0.911 -0.123 -4.211 -7.385 -0.732 97.597 1.703 -40.995 
WTarm1up 739184796 2021-11-17 12:02:05.087895 -0.213 1.05 -0.083 4.456 -1.892 1.221 94.466 11.882 122.525 
WTleg2 739184830 2021-11-17 12:02:05.089856 0.173 0.926 -0.211 -0.488 -3.052 1.282 102.832 -8.745 -107.935 
WTleg1 739184839 2021-11-17 12:02:05.091852 -0.012 1.002 -0.111 0.488 -7.996 1.038 97.482 -3.208 64.803 
WTarm2up 739184861 2021-11-17 12:02:05.093876 -0.354 -1.122 -0.02 3.723 13.489 0.305 -90.187 15.623 13.244 
WTarm2 739184892 2021-11-17 12:02:05.158084 -0.033 0.915 -0.112 2.808 -3.296 -0.305 97.614 1.895 -41.512 
WTarm1up 739184896 2021-11-17 12:02:05.202976 -0.215 1.033 -0.086 1.343 -9.155 2.38 94.603 11.755 122.036 
WTleg2 739184907 2021-11-17 12:02:05.204970 0.168 0.924 -0.214 0.0 -1.099 2.686 102.821 -8.954 -108.292 
WTarm2up 739184936 2021-11-17 12:02:05.206996 -0.348 -1.124 -0.021 0.732 -1.404 0.488 -90.176 15.787 12.898 
WTleg1 739184957 2021-11-17 12:02:05.208991 -0.013 1.006 -0.087 -0.793 -0.977 -1.465 97.339 -2.911 64.649 
WTarm2 739185001 2021-11-17 12:02:05.254118 -0.029 0.918 -0.109 1.526 0.549 0.977 97.817 1.862 -41.55 
WTarm1up 739185005 2021-11-17 12:02:05.287126 -0.19 1.043 -0.074 -0.305 -0.732 0.671 94.537 11.558 121.19 
WTleg2 739185042 2021-11-17 12:02:05.291115 0.167 0.925 -0.216 0.183 0.793 1.77 102.887 -9.223 -108.369 
WTarm2up 739185045 2021-11-17 12:02:05.296101 -0.334 -1.133 -0.026 0.244 0.427 0.0 -90.165 15.853 12.997 
WTleg1 739185055 2021-11-17 12:02:05.300091 -0.01 1.003 -0.102 1.282 1.221 -2.625 97.267 -2.51 64.957 
WTarm2 739185088 2021-11-17 12:02:05.354390 -0.029 0.914 -0.113 -1.16 2.808 0.732 97.784 1.763 -41.303 
WTarm1up 739185092 2021-11-17 12:02:05.386141 -0.221 1.021 -0.08 -1.404 5.188 -0.977 94.466 11.519 121.443 
WTarm2up 739185133 2021-11-17 12:02:05.389121 -0.32 -1.127 -0.025 -1.831 -3.784 -0.305 -90.275 15.826 13.195 
WTleg1 739185158 2021-11-17 12:02:05.391117 -0.019 1.003 -0.089 1.16 1.282 -2.441 97.24 -2.021 65.385 
WTleg2 739185161 2021-11-17 12:02:05.393111 0.165 0.926 -0.227 -0.183 -1.77 1.099 102.843 -9.404 -108.424 
WTarm2 739185193 2021-11-17 12:02:05.468032 -0.033 0.914 -0.123 -1.526 2.075 0.549 97.756 1.664 -40.908 
WTarm1up 739185197 2021-11-17 12:02:05.507117 -0.22 1.033 -0.078 0.61 5.615 -2.38 94.515 11.684 121.827 
WTleg2 739185225 2021-11-17 12:02:05.511104 0.157 0.926 -0.214 -0.549 1.953 2.93 102.827 -9.695 -108.506 
WTleg1 739185230 2021-11-17 12:02:05.515096 -0.022 0.998 -0.096 0.122 1.831 -1.16 97.163 -1.736 65.726 
WTarm2up 739185254 2021-11-17 12:02:05.519087 -0.304 -1.141 -0.024 -3.906 -6.653 0.977 -90.511 15.848 13.81 
WTarm1up 739185289 2021-11-17 12:02:05.567157 -0.226 1.024 -0.083 0.366 0.183 -0.916 94.647 11.893 122.228 
WTarm2 739185300 2021-11-17 12:02:05.600940 -0.03 0.905 -0.109 -2.319 2.93 0.488 97.46 1.571 -40.682 
WTleg1 739185337 2021-11-17 12:02:05.604921 -0.013 1.005 -0.089 -0.244 2.747 -0.488 97.053 -1.538 66.253 
WTleg2 739185341 2021-11-17 12:02:05.608952 0.136 0.922 -0.22 -0.366 1.221 -0.854 102.832 -9.712 -108.303 
WTarm2up 739185344 2021-11-17 12:02:05.612902 -0.318 -1.135 -0.027 -1.282 1.526 0.671 -90.753 15.914 14.046 
WTarm1up 739185394 2021-11-17 12:02:05.670846 -0.229 1.029 -0.083 -0.183 3.174 -1.587 94.675 12.014 122.437 
WTarm2 739185407 2021-11-17 12:02:05.701690 -0.026 0.91 -0.125 -0.854 1.465 0.488 97.278 1.511 -40.43 
WTarm2up 739185435 2021-11-17 12:02:05.703688 -0.314 -1.139 -0.024 -1.465 -1.953 -0.671 -90.906 15.881 14.134 
WTleg1 739185444 2021-11-17 12:02:05.704685 -0.018 1.0 -0.101 0.427 0.0 -0.671 96.993 -1.373 66.533 
WTleg2 739185447 2021-11-17 12:02:05.705683 0.155 0.924 -0.218 -0.427 -0.916 -0.671 102.849 -9.58 -108.193 
WTarm2 739185497 2021-11-17 12:02:05.772468 -0.03 0.908 -0.114 1.282 1.099 0.671 97.317 1.461 -40.292 
WTarm1up 739185501 2021-11-17 12:02:05.803108 -0.229 1.029 -0.079 -0.488 -0.977 -0.427 94.658 12.145 122.558 
WTleg2 739185522 2021-11-17 12:02:05.804078 0.158 0.924 -0.216 0.061 0.061 0.122 102.832 -9.558 -108.259 
WTleg1 739185530 2021-11-17 12:02:05.805074 -0.017 1.004 -0.092 0.488 0.183 -0.916 96.91 -1.159 66.819 
WTarm2up 739185541 2021-11-17 12:02:05.806100 -0.305 -1.14 -0.026 -0.732 -0.977 -0.366 -90.994 15.782 14.337 
WTarm1up 739185590 2021-11-17 12:02:05.870501 -0.217 1.022 -0.08 -0.061 0.305 -0.061 94.576 12.162 122.47 
WTarm2 739185614 2021-11-17 12:02:05.901391 -0.023 0.913 -0.117 1.221 0.549 0.366 97.438 1.423 -40.193 
WTleg2 739185626 2021-11-17 12:02:05.903385 0.157 0.927 -0.224 -0.244 0.305 0.305 102.838 -9.525 -108.397 
WTarm2up 739185629 2021-11-17 12:02:05.905380 -0.32 -1.143 -0.036 0.854 1.648 -0.183 -90.994 15.727 14.315 
WTleg1 739185682 2021-11-17 12:02:05.906378 -0.017 1.005 -0.09 -0.061 0.122 -0.61 96.833 -0.95 67.033 
WTarm2 739185688 2021-11-17 12:02:05.908400 -0.025 0.913 -0.113 -0.854 -0.977 0.183 97.515 1.412 -40.215 
WTarm1up 739185692 2021-11-17 12:02:05.971005 -0.229 1.027 -0.083 0.122 1.465 -0.488 94.592 12.195 122.552 
WTleg2 739185718 2021-11-17 12:02:06.002346 0.158 0.929 -0.213 -0.305 -0.854 0.183 102.821 -9.52 -108.424 
WTarm2up 739185738 2021-11-17 12:02:06.004305 -0.31 -1.139 -0.029 0.183 0.549 0.244 -90.994 15.705 14.315 
WTleg1 739185741 2021-11-17 12:02:06.006333 -0.021 1.003 -0.095 -0.916 -2.014 0.061 96.691 -0.807 67.17 
WTarm1up 739185785 2021-11-17 12:02:06.007318 -0.227 1.029 -0.082 0.488 -1.282 -0.183 94.609 12.25 122.536 
WTarm2 739185793 2021-11-17 12:02:06.072688 -0.026 0.911 -0.116 -1.16 -1.282 0.122 97.487 1.423 -40.292 
WTleg1 739185830 2021-11-17 12:02:06.105281 -0.026 1.001 -0.104 -0.122 -1.831 -0.488 96.586 -0.648 67.132 
WTleg2 739185839 2021-11-17 12:02:06.108272 0.157 0.927 -0.212 -0.183 -0.305 0.732 102.838 -9.558 -108.457 
WTarm2up 739185843 2021-11-17 12:02:06.111263 -0.314 -1.135 -0.029 0.732 2.014 0.122 -91.022 15.705 14.205 
WTarm1up 739185890 2021-11-17 12:02:06.174902 -0.223 1.028 -0.079 0.671 -1.099 0.244 94.636 12.25 122.393 
WTarm2 739185898 2021-11-17 12:02:06.207149 -0.023 0.912 -0.117 -0.305 -0.793 0.0 97.438 1.434 -40.375 
WTleg2 739185927 2021-11-17 12:02:06.209155 0.165 0.926 -0.219 0.0 0.0 0.793 102.849 -9.63 -108.545 
WTarm2up 739185931 2021-11-17 12:02:06.210149 -0.323 -1.133 -0.032 0.671 1.099 0.305 -91.022 15.727 14.057 
WTleg1 739185939 2021-11-17 12:02:06.212144 -0.027 1.003 -0.093 0.122 -0.244 -1.038 96.509 -0.434 67.275 
WTarm1up 739185981 2021-11-17 12:02:06.213141 -0.238 1.029 -0.085 0.488 -1.221 0.0 94.669 12.266 122.355 
WTleg2 739186017 2021-11-17 12:02:06.275672 0.166 0.926 -0.211 -0.427 -0.244 1.038 102.816 -9.728 -108.589 
WTarm2 739186021 2021-11-17 12:02:06.308371 -0.021 0.912 -0.115 -2.014 0.061 0.0 97.295 1.445 -40.386 
WTleg1 739186028 2021-11-17 12:02:06.311362 -0.023 1.003 -0.092 0.183 -0.427 -1.221 96.449 -0.231 67.429 
WTarm2up 739186032 2021-11-17 12:02:06.314307 -0.323 -1.131 -0.03 -0.549 -1.587 0.427 -91.055 15.787 14.117 
WTarm1up 739186084 2021-11-17 12:02:06.317301 -0.235 1.036 -0.093 -1.282 -5.249 0.977 94.587 12.294 121.954 
WTarm2 739186093 2021-11-17 12:02:06.320292 -0.023 0.911 -0.1 -0.305 0.427 0.977 97.119 1.379 -40.358 
WTleg2 739186123 2021-11-17 12:02:06.378306 0.16 0.926 -0.21 -0.854 -0.061 0.732 102.783 -9.816 -108.523 
WTarm2up 739186155 2021-11-17 12:02:06.411995 -0.327 -1.14 -0.037 0.061 -0.427 -2.869 -91.11 15.65 14.216 
WTleg1 739186159 2021-11-17 12:02:06.415985 -0.025 1.002 -0.094 0.0 0.732 -1.343 96.416 -0.027 67.654 
WTarm1up 739186191 2021-11-17 12:02:06.420015 -0.207 1.021 -0.071 -0.854 -4.517 0.244 94.329 12.233 121.377 
WTarm2 739186200 2021-11-17 12:02:06.479617 -0.023 0.907 -0.115 1.709 0.183 0.916 97.114 1.307 -40.292 
WTleg2 739186225 2021-11-17 12:02:06.512985 0.168 0.926 -0.213 -0.427 0.732 0.122 102.755 -9.871 -108.468 
WTarm2up 739186228 2021-11-17 12:02:06.517995 -0.315 -1.136 -0.039 -0.305 -2.319 -1.892 -91.121 15.414 14.387 
WTleg1 739186235 2021-11-17 12:02:06.520947 -0.031 1.002 -0.101 0.305 0.183 -0.732 96.389 0.154 67.901 
WTarm1up 739186280 2021-11-17 12:02:06.524933 -0.227 1.022 -0.07 -1.465 -0.122 0.366 94.158 12.228 121.245 
WTarm2 739186305 2021-11-17 12:02:06.579923 -0.023 0.909 -0.108 -0.305 1.526 0.305 97.169 1.241 -40.188 
WTleg2 739186332 2021-11-17 12:02:06.614301 0.173 0.925 -0.204 0.366 1.404 -0.427 102.717 -9.904 -108.408 
